Country;Video;Frame;Num_Groups;Groups
Turkey - TR;TR-01;1;8;[1  2], [5  6], [9  10], [11  37], [12  13], [14  15], [20  21], [34  35]
Turkey - TR;TR-01;2;4;[1  2], [5  6], [12  13], [14  15]
Turkey - TR;TR-01;3;4;[5  6], [9  10], [14  15], [20  21]
Turkey - TR;TR-01;4;3;[9  10], [14  15], [20  21]
Turkey - TR;TR-01;5;6;[1  2], [5  6], [9  10], [14  15], [20  21], [34  35]
Turkey - TR;TR-01;6;7;[1  2], [5  6], [9  10], [11  37], [12  13], [14  15], [20  21]
Turkey - TR;TR-01;7;7;[1  2], [5  6], [9  10], [11  37], [12  13], [14  15], [20  21]
Turkey - TR;TR-01;8;8;[1  2], [5  6], [9  10], [11  37], [12  13], [14  15], [20  21], [34  35]
Turkey - TR;TR-01;9;8;[1  2], [5  6], [9  10], [11  37], [12  13], [14  15], [20  21], [34  35]
Turkey - TR;TR-01;10;8;[1  2], [5  6], [9  10], [11  37], [12  13], [14  15], [20  21], [34  35]
Turkey - TR;TR-01;11;8;[1  2], [5  6], [9  10], [11  37], [12  13], [14  15], [20  21], [34  35]
Turkey - TR;TR-01;12;8;[1  2], [5  6], [9  10], [11  37], [12  13], [14  15], [20  21], [34  35]
Turkey - TR;TR-01;13;8;[1  2], [5  6], [9  10], [11  37], [12  13], [14  15], [20  21], [34  35]
Turkey - TR;TR-01;14;8;[1  2], [5  6], [9  10], [11  37], [12  13], [14  15], [20  21], [34  35]
Turkey - TR;TR-01;15;8;[1  2], [5  6], [9  10], [11  37], [12  13], [14  15], [20  21], [34  35]
Turkey - TR;TR-01;16;8;[1  2], [5  6], [9  10], [11  37], [12  13], [14  15], [20  21], [34  35]
Turkey - TR;TR-01;17;8;[1  2], [5  6], [9  10], [11  37], [12  13], [14  15], [20  21], [34  35]
Turkey - TR;TR-01;18;8;[1  2], [5  6], [9  10], [11  37], [12  13], [14  15], [20  21], [34  35]
Turkey - TR;TR-01;19;8;[1  2], [5  6], [9  10], [11  37], [12  13], [14  15], [20  21], [34  35]
Turkey - TR;TR-01;20;8;[1  2], [5  6], [9  10], [11  37], [12  13], [14  15], [20  21], [34  35]
Turkey - TR;TR-01;21;8;[1  2], [5  6], [9  10], [11  37], [12  13], [14  15], [20  21], [34  35]
Turkey - TR;TR-01;22;8;[1  2], [5  6], [9  10], [11  37], [12  13], [14  15], [20  21], [34  35]
Turkey - TR;TR-01;23;7;[1  2], [5  6], [9  10], [11  37], [12  13], [14  15], [20  21]
Turkey - TR;TR-01;24;7;[1  2], [5  6], [9  10], [11  37], [12  13], [14  15], [20  21]
Turkey - TR;TR-01;25;7;[1  2], [5  6], [9  10], [11  37], [12  13], [14  15], [20  21]
Turkey - TR;TR-01;26;7;[1  2], [5  6], [9  10], [11  37], [12  13], [14  15], [20  21]
Turkey - TR;TR-01;27;8;[1  2], [5  6], [9  10], [11  37], [12  13], [14  15], [20  21], [39  40]
Turkey - TR;TR-01;28;7;[1  2], [5  6], [9  10], [11  37], [12  13], [14  15], [20  21]
Turkey - TR;TR-01;29;8;[1  2], [5  6], [9  10], [11  37], [12  13], [14  15], [20  21], [34  35]
Turkey - TR;TR-01;30;8;[1  2], [5  6], [9  10], [11  37], [12  13], [14  15], [20  21], [34  35]
Turkey - TR;TR-01;31;9;[1  2], [5  6], [9  10], [11  37], [12  13], [14  15], [20  21], [34  35], [39  40]
Turkey - TR;TR-01;32;9;[1  2], [5  6], [9  10], [11  37], [12  13], [14  15], [20  21], [34  35], [39  40]
Turkey - TR;TR-01;33;9;[1  2], [5  6], [9  10], [11  37], [12  13], [14  15], [20  21], [34  35], [39  40]
Turkey - TR;TR-01;34;9;[1  2], [5  6], [9  10], [11  37], [12  13], [14  15], [20  21], [34  35], [39  40]
Turkey - TR;TR-01;35;9;[1  2], [5  6], [9  10], [11  37], [12  13], [14  15], [20  21], [34  35], [39  40]
Turkey - TR;TR-01;36;9;[1  2], [5  6], [9  10], [11  37], [12  13], [14  15], [20  21], [34  35], [39  40]
Turkey - TR;TR-01;37;8;[1  2], [5  6], [9  10], [11  37], [12  13], [14  15], [34  35], [39  40]
Turkey - TR;TR-01;38;8;[1  2], [5  6], [9  10], [11  37], [12  13], [14  15], [34  35], [39  40]
Turkey - TR;TR-01;39;8;[1  2], [5  6], [9  10], [11  37], [12  13], [14  15], [34  35], [39  40]
Turkey - TR;TR-01;40;8;[1  2], [5  6], [9  10], [11  37], [12  13], [14  15], [34  35], [39  40]
Turkey - TR;TR-01;41;8;[1  2], [5  6], [9  10], [11  37], [12  13], [14  15], [34  35], [39  40]
Turkey - TR;TR-01;42;8;[1  2], [5  6], [9  10], [11  37], [12  13], [14  15], [34  35], [39  40]
Turkey - TR;TR-01;43;8;[1  2], [5  6], [9  10], [11  37], [12  13], [14  15], [34  35], [39  40]
Turkey - TR;TR-01;44;8;[1  2], [5  6], [9  10], [11  37], [12  13], [14  15], [34  35], [39  40]
Turkey - TR;TR-01;45;8;[1  2], [5  6], [9  10], [11  37], [12  13], [14  15], [34  35], [39  40]
Turkey - TR;TR-01;46;8;[1  2], [5  6], [9  10], [11  37], [12  13], [14  15], [34  35], [39  40]
Turkey - TR;TR-01;47;8;[1  2], [5  6], [9  10], [11  37], [12  13], [14  15], [34  35], [39  40]
Turkey - TR;TR-01;48;8;[1  2], [5  6], [9  10], [11  37], [12  13], [14  15], [34  35], [39  40]
Turkey - TR;TR-01;49;8;[1  2], [5  6], [9  10], [11  37], [12  13], [14  15], [34  35], [39  40]
Turkey - TR;TR-01;50;8;[1  2], [5  6], [9  10], [11  37], [12  13], [14  15], [34  35], [39  40]
Turkey - TR;TR-01;51;8;[1  2], [5  6], [9  10], [11  37], [12  13], [14  15], [34  35], [39  40]
Turkey - TR;TR-01;52;9;[1  2], [5  6], [9  10], [11  37], [12  13], [14  15], [26  27], [34  35], [39  40]
Turkey - TR;TR-01;53;9;[1  2], [5  6], [9  10], [11  37], [12  13], [14  15], [26  27], [34  35], [39  40]
Turkey - TR;TR-01;54;9;[1  2], [5  6], [9  10], [11  37], [12  13], [14  15], [26  27], [34  35], [39  40]
Turkey - TR;TR-01;55;9;[1  2], [5  6], [9  10], [11  37], [12  13], [14  15], [26  27], [34  35], [39  40]
Turkey - TR;TR-01;56;9;[1  2], [5  6], [9  10], [11  37], [12  13], [14  15], [26  27], [34  35], [39  40]
Turkey - TR;TR-01;57;9;[1  2], [5  6], [9  10], [11  37], [12  13], [14  15], [26  27], [34  35], [39  40]
Turkey - TR;TR-01;58;9;[1  2], [5  6], [9  10], [11  37], [12  13], [14  15], [26  27], [34  35], [39  40]
Turkey - TR;TR-01;59;9;[1  2], [5  6], [9  10], [11  37], [12  13], [14  15], [26  27], [34  35], [39  40]
Turkey - TR;TR-01;60;9;[1  2], [5  6], [9  10], [11  37], [12  13], [14  15], [26  27], [34  35], [39  40]
Turkey - TR;TR-01;61;9;[1  2], [5  6], [9  10], [11  37], [12  13], [14  15], [26  27], [34  35], [39  40]
Turkey - TR;TR-01;62;9;[1  2], [5  6], [9  10], [11  37], [12  13], [14  15], [26  27], [34  35], [39  40]
Turkey - TR;TR-01;63;9;[1  2], [5  6], [9  10], [11  37], [12  13], [14  15], [26  27], [34  35], [39  40]
Turkey - TR;TR-01;64;9;[1  2], [5  6], [9  10], [11  37], [12  13], [14  15], [26  27], [34  35], [39  40]
Turkey - TR;TR-01;65;9;[1  2], [5  6], [9  10], [11  37], [12  13], [14  15], [26  27], [34  35], [39  40]
Turkey - TR;TR-01;66;9;[1  2], [5  6], [9  10], [11  37], [12  13], [14  15], [26  27], [34  35], [39  40]
Turkey - TR;TR-01;67;9;[1  2], [5  6], [9  10], [11  37], [12  13], [14  15], [26  27], [34  35], [39  40]
Turkey - TR;TR-01;68;9;[1  2], [5  6], [9  10], [11  37], [12  13], [14  15], [26  27], [34  35], [39  40]
Turkey - TR;TR-01;69;9;[1  2], [5  6], [9  10], [11  37], [12  13], [14  15], [26  27], [34  35], [39  40]
Turkey - TR;TR-01;70;9;[1  2], [5  6], [9  10], [11  37], [12  13], [14  15], [26  27], [34  35], [39  40]
Turkey - TR;TR-01;71;10;[1  2], [5  6], [9  10], [11  37], [12  13], [14  15], [22  28], [26  27], [34  35], [39  40]
Turkey - TR;TR-01;72;10;[1  2], [5  6], [9  10], [11  37], [12  13], [14  15], [22  28], [26  27], [34  35], [39  40]
Turkey - TR;TR-01;73;10;[1  2], [5  6], [9  10], [11  37], [12  13], [14  15], [22  28], [26  27], [34  35], [39  40]
Turkey - TR;TR-01;74;10;[1  2], [5  6], [9  10], [11  37], [12  13], [14  15], [22  28], [26  27], [34  35], [39  40]
Turkey - TR;TR-01;75;11;[1  2], [5  6], [9  10], [11  37], [12  13], [14  15], [22  28], [23  38], [26  27], [34  35], [39  40]
Turkey - TR;TR-01;76;11;[1  2], [5  6], [9  10], [11  37], [12  13], [14  15], [22  28], [23  38], [26  27], [34  35], [39  40]
Turkey - TR;TR-01;77;11;[1  2], [5  6], [9  10], [11  37], [12  13], [14  15], [22  28], [23  38], [26  27], [34  35], [39  40]
Turkey - TR;TR-01;78;11;[1  2], [5  6], [9  10], [11  37], [12  13], [14  15], [22  28], [23  38], [26  27], [34  35], [39  40]
Turkey - TR;TR-01;79;10;[1  2], [5  6], [9  10], [11  37], [12  13], [14  15], [22  28], [26  27], [34  35], [39  40]
Turkey - TR;TR-01;80;10;[1  2], [5  6], [9  10], [11  37], [12  13], [14  15], [22  28], [26  27], [34  35], [39  40]
Turkey - TR;TR-01;81;10;[1  2], [5  6], [9  10], [11  37], [12  13], [14  15], [22  28], [26  27], [34  35], [39  40]
Turkey - TR;TR-01;82;10;[1  2], [5  6], [9  10], [11  37], [12  13], [14  15], [22  28], [26  27], [34  35], [39  40]
Turkey - TR;TR-01;83;10;[1  2], [5  6], [9  10], [11  37], [12  13], [14  15], [22  28], [26  27], [34  35], [39  40]
Turkey - TR;TR-01;84;11;[1  2], [5  6], [9  10], [11  37], [12  13], [14  15], [22  28], [26  27], [30  36], [34  35], [39  40]
Turkey - TR;TR-01;85;11;[1  2], [5  6], [9  10], [11  37], [12  13], [14  15], [22  28], [26  27], [30  36], [34  35], [39  40]
Turkey - TR;TR-01;86;11;[1  2], [5  6], [9  10], [11  37], [12  13], [14  15], [22  28], [26  27], [30  36], [34  35], [39  40]
Turkey - TR;TR-01;87;11;[1  2], [5  6], [9  10], [11  37], [12  13], [14  15], [22  28], [26  27], [30  36], [31  39  40], [34  35]
Turkey - TR;TR-01;88;12;[1  2], [5  6], [9  10], [11  37], [12  13], [14  15], [22  28], [23  24], [26  27], [30  36], [31  39  40], [34  35]
Turkey - TR;TR-01;89;11;[1  2], [5  6], [9  10], [11  37], [14  15], [22  28], [23  24], [26  27], [30  36], [31  39  40], [34  35]
Turkey - TR;TR-01;90;11;[1  2], [5  6], [9  10], [11  37], [14  15], [22  28], [23  24], [26  27], [30  36], [31  39  40], [34  35]
Turkey - TR;TR-01;91;11;[1  2], [5  6], [9  10], [11  37], [14  15], [22  28], [23  24], [26  27], [30  36], [31  39  40], [34  35]
Turkey - TR;TR-01;92;11;[1  2], [5  6], [9  10], [11  37], [14  15], [22  28], [23  24], [26  27], [30  36], [31  39  40], [34  35]
Turkey - TR;TR-01;93;11;[1  2], [5  6], [9  10], [11  37], [14  15], [22  28], [23  24], [26  27], [30  36], [31  39  40], [34  35]
Turkey - TR;TR-01;94;11;[1  2], [5  6], [9  10], [11  37], [14  15], [22  28], [23  24], [26  27], [30  36], [31  39  40], [34  35]
Turkey - TR;TR-01;95;11;[1  2], [5  6], [9  10], [11  37], [14  15], [22  28], [23  24], [26  27], [30  36], [31  39  40], [34  35]
Turkey - TR;TR-01;96;11;[1  2], [5  6], [9  10], [11  37], [14  15], [22  28], [23  24], [26  27], [30  36], [31  39  40], [34  35]
Turkey - TR;TR-01;97;11;[1  2], [5  6], [9  10], [11  37], [14  15], [22  28], [23  24], [26  27], [30  36], [31  39  40], [34  35]
Turkey - TR;TR-01;98;11;[1  2], [5  6], [9  10], [11  37], [14  15], [22  28], [23  24], [26  27], [30  36], [31  39  40], [34  35]
Turkey - TR;TR-01;99;11;[1  2], [5  6], [9  10], [11  37], [14  15], [22  28], [23  24], [26  27], [30  36], [31  39  40], [34  35]
Turkey - TR;TR-01;100;11;[1  2], [5  6], [9  10], [11  37], [14  15], [22  28], [23  24], [26  27], [30  36], [31  39  40], [34  35]
Turkey - TR;TR-01;101;11;[1  2], [5  6], [9  10], [11  37], [14  15], [22  28], [23  24], [26  27], [30  36], [31  39  40], [34  35]
Turkey - TR;TR-01;102;11;[1  2], [5  6], [9  10], [11  37], [14  15], [22  28], [23  24], [26  27], [30  36], [31  39  40], [34  35]
Turkey - TR;TR-01;103;11;[1  2], [5  6], [9  10], [11  37], [14  15], [22  28], [23  24  38], [26  27], [30  36], [31  39  40], [34  35]
Turkey - TR;TR-01;104;11;[1  2], [5  6], [9  10], [11  37], [14  15], [22  28], [23  24  38], [26  27], [30  36], [31  39  40], [34  35]
Turkey - TR;TR-01;105;11;[1  2], [5  6], [9  10], [11  37], [14  15], [22  28], [23  24  38], [26  27], [30  36], [31  39  40], [34  35]
Turkey - TR;TR-01;106;10;[1  2], [5  6], [9  10], [11  37], [14  15], [22  28], [23  38], [26  27], [31  39  40], [34  35]
Turkey - TR;TR-01;107;10;[1  2], [5  6], [9  10], [11  37], [14  15], [22  28], [23  38], [26  27], [31  39  40], [34  35]
Turkey - TR;TR-01;108;10;[1  2], [5  6], [9  10], [11  37], [14  15], [22  28], [23  38], [26  27], [31  39  40], [34  35]
Turkey - TR;TR-01;109;10;[1  2], [5  6], [9  10], [11  37], [14  15], [22  28], [23  24  38], [26  27], [31  39  40], [34  35]
Turkey - TR;TR-01;110;11;[1  2], [5  6], [9  10], [11  37], [14  15], [22  28], [23  38], [26  27], [30  36], [31  39  40], [34  35]
Turkey - TR;TR-01;111;11;[1  2], [5  6], [9  10], [11  37], [14  15], [22  28], [23  38], [26  27], [30  36], [31  39  40], [34  35]
Turkey - TR;TR-01;112;11;[1  2], [5  6], [9  10], [11  37], [14  15], [22  28], [23  24  38], [26  27], [30  36], [31  39  40], [34  35]
Turkey - TR;TR-01;113;11;[1  2], [5  6], [9  10], [11  37], [14  15], [22  28], [23  38], [26  27], [30  36], [31  39  40], [34  35]
Turkey - TR;TR-01;114;11;[1  2], [5  6], [9  10], [11  37], [14  15], [22  28], [23  24  38], [26  27], [30  36], [31  39  40], [34  35]
Turkey - TR;TR-01;115;11;[1  2], [5  6], [9  10], [11  37], [14  15], [22  28], [23  24  38], [26  27], [30  36], [31  39  40], [34  35]
Turkey - TR;TR-01;116;11;[1  2], [5  6], [9  10], [11  37], [14  15], [22  28], [23  24  38], [26  27], [30  36], [31  39  40], [34  35]
Turkey - TR;TR-01;117;11;[1  2], [5  6], [9  10], [11  37], [14  15], [22  28], [23  24  38], [26  27], [30  36], [31  39  40], [34  35]
Turkey - TR;TR-01;118;11;[1  2], [5  6], [9  10], [11  37], [14  15], [22  28], [23  24  38], [26  27], [30  36], [31  39  40], [34  35]
Turkey - TR;TR-01;119;11;[1  2], [5  6], [9  10], [11  37], [14  15], [22  28], [23  24  38], [26  27], [30  36], [31  39  40], [34  35]
Turkey - TR;TR-01;120;11;[1  2], [5  6], [9  10], [11  37], [14  15], [22  28], [23  24  38], [26  27], [30  36], [31  39  40], [34  35]
Turkey - TR;TR-01;121;11;[1  2], [5  6], [9  10], [11  37], [14  15], [22  28], [23  24  38], [26  27], [30  36], [31  39  40], [34  35]
Turkey - TR;TR-01;122;10;[5  6], [9  10], [11  37], [14  15], [22  28], [23  24  38], [26  27], [30  36], [31  39  40], [34  35]
Turkey - TR;TR-01;123;9;[5  6], [9  10], [11  37], [14  15], [22  28], [26  27], [30  36], [31  39  40], [34  35]
Turkey - TR;TR-01;124;9;[5  6], [9  10], [11  37], [14  15], [22  28], [26  27], [30  36], [31  39  40], [34  35]
Turkey - TR;TR-01;125;9;[5  6], [9  10], [11  37], [14  15], [22  28], [26  27], [30  36], [34  35], [39  40]
Turkey - TR;TR-01;126;9;[5  6], [9  10], [11  37], [14  15], [22  28], [26  27], [30  36], [34  35], [39  40]
Turkey - TR;TR-01;127;9;[5  6], [9  10], [11  37], [14  15], [22  28], [26  27], [30  36], [34  35], [39  40]
Turkey - TR;TR-01;128;9;[5  6], [9  10], [11  37], [14  15], [22  28], [26  27], [30  36], [34  35], [39  40]
Turkey - TR;TR-01;129;9;[5  6], [9  10], [11  37], [14  15], [22  28], [26  27], [30  36], [34  35], [39  40]
Turkey - TR;TR-01;130;8;[5  6], [9  10], [11  37], [14  15], [22  28], [26  27], [34  35], [39  40]
Turkey - TR;TR-01;131;8;[5  6], [9  10], [11  37], [14  15], [22  28], [26  27], [34  35], [39  40]
Turkey - TR;TR-01;132;9;[5  6], [9  10], [11  37], [14  15], [22  28], [23  24], [26  27], [34  35], [39  40]
Turkey - TR;TR-01;133;9;[5  6], [9  10], [11  37], [14  15], [22  28], [25  41], [26  27], [34  35], [39  40]
Turkey - TR;TR-01;134;10;[5  6], [9  10], [11  37], [14  15], [22  28], [23  24], [25  41], [26  27], [34  35], [39  40]
Turkey - TR;TR-01;135;9;[5  6], [9  10], [11  37], [14  15], [22  28], [25  41], [26  27], [34  35], [39  40]
Turkey - TR;TR-01;136;9;[5  6], [9  10], [11  37], [14  15], [22  28], [25  41], [26  27], [34  35], [39  40]
Turkey - TR;TR-01;137;9;[5  6], [9  10], [11  37], [14  15], [22  28], [25  41], [26  27], [34  35], [39  40]
Turkey - TR;TR-01;138;10;[5  6], [9  10], [11  37], [14  15], [22  28], [23  24], [25  41], [26  27], [34  35], [39  40]
Turkey - TR;TR-01;139;9;[5  6], [9  10], [11  37], [14  15], [22  28], [25  41], [26  27], [34  35], [39  40]
Turkey - TR;TR-01;140;10;[5  6], [9  10], [11  37], [14  15], [22  28], [23  24], [25  41], [26  27], [34  35], [39  40]
Turkey - TR;TR-01;141;10;[5  6], [9  10], [11  37], [14  15], [22  28], [23  24], [25  41], [26  27], [34  35], [39  40]
Turkey - TR;TR-01;142;10;[5  6], [9  10], [11  37], [14  15], [22  28], [23  24], [25  41], [26  27], [34  35], [39  40]
Turkey - TR;TR-01;143;9;[5  6], [9  10], [11  37], [14  15], [22  28], [25  41], [26  27], [34  35], [39  40]
Turkey - TR;TR-01;144;10;[5  6], [9  10], [11  37], [14  15], [22  28], [23  24], [25  41], [26  27], [34  35], [39  40]
Turkey - TR;TR-01;145;10;[5  6], [9  10], [11  37], [14  15], [22  28], [23  24], [25  41], [26  27], [34  35], [39  40]
Turkey - TR;TR-01;146;10;[5  6], [9  10], [11  37], [14  15], [22  28], [23  24  38], [25  41], [26  27], [34  35], [39  40]
Turkey - TR;TR-01;147;10;[5  6], [9  10], [11  37], [14  15], [22  28], [23  24], [25  41], [26  27], [34  35], [39  40]
Turkey - TR;TR-01;148;9;[4  22  28], [5  6], [9  10], [11  37], [23  24], [25  41], [26  27], [34  35], [39  40]
Turkey - TR;TR-01;149;9;[4  22  28], [5  6], [9  10], [11  37], [23  24  38], [25  41], [26  27], [34  35], [39  40]
Turkey - TR;TR-01;150;9;[4  22  28], [5  6], [9  10], [11  37], [23  24  38], [25  41], [26  27], [34  35], [39  40]
Turkey - TR;TR-01;151;9;[4  22  28], [5  6], [9  10], [11  37], [23  24  38], [25  41], [26  27], [34  35], [39  40]
Turkey - TR;TR-01;152;9;[4  22  28], [5  6], [9  10], [11  37], [23  38], [25  41], [26  27], [34  35], [39  40]
Turkey - TR;TR-01;153;9;[4  22  28], [5  6], [9  10], [11  37], [23  38], [25  41], [26  27], [34  35], [39  40]
Turkey - TR;TR-01;154;9;[4  22  28], [5  6], [9  10], [11  37], [23  38], [25  41], [26  27], [34  35], [39  40]
Turkey - TR;TR-01;155;9;[4  22  28], [5  6], [9  10], [11  37], [23  38], [25  41], [26  27], [34  35], [39  40]
Turkey - TR;TR-01;156;9;[4  22  28], [5  6], [9  10], [11  37], [23  38], [25  41], [26  27], [34  35], [39  40]
Turkey - TR;TR-01;157;8;[4  22  28], [5  6], [9  10], [11  37], [25  41], [26  27], [34  35], [39  40]
Turkey - TR;TR-01;158;8;[4  22  28], [5  6], [9  10], [11  37], [25  41], [26  27], [34  35], [39  40]
Turkey - TR;TR-01;159;8;[4  22  28], [5  6], [9  10], [11  37], [25  41], [26  27], [34  35], [39  40]
Turkey - TR;TR-01;160;8;[4  22  28], [5  6], [9  10], [11  37], [25  41], [26  27], [34  35], [39  40]
Turkey - TR;TR-01;161;8;[4  22  28], [5  6], [9  10], [11  37], [25  41], [26  27], [34  35], [39  40]
Turkey - TR;TR-01;162;8;[4  22  28], [5  6], [9  10], [11  37], [25  41], [26  27], [34  35], [39  40]
Turkey - TR;TR-01;163;8;[4  22  28], [5  6], [9  10], [11  37], [25  41], [26  27], [34  35], [39  40]
Turkey - TR;TR-01;164;8;[4  22  28], [5  6], [9  10], [11  37], [25  41], [26  27], [34  35], [39  40]
Turkey - TR;TR-01;165;8;[4  22  28], [5  6], [9  10], [11  37], [25  41], [26  27], [34  35], [39  40]
Turkey - TR;TR-01;166;8;[4  22  28], [5  6], [9  10], [11  37], [25  41], [26  27], [34  35], [39  40]
Turkey - TR;TR-01;167;8;[4  22  28], [5  6], [9  10], [11  37], [25  41], [26  27], [34  35], [39  40]
Turkey - TR;TR-01;168;8;[4  22  28], [5  6], [9  10], [11  37], [25  41], [26  27], [34  35], [39  40]
Turkey - TR;TR-01;169;8;[4  22  28], [5  6], [9  10], [11  37], [25  41], [26  27], [34  35], [39  40]
Turkey - TR;TR-01;170;8;[4  22  28], [5  6], [9  10], [11  37], [25  41], [26  27], [34  35], [39  40]
Turkey - TR;TR-01;171;8;[4  22  28], [5  6], [9  10], [11  37], [25  41], [26  27], [34  35], [39  40]
Turkey - TR;TR-01;172;8;[4  22  28], [5  6], [9  10], [11  37], [25  41], [26  27], [34  35], [39  40]
Turkey - TR;TR-01;173;8;[4  22  28], [5  6], [9  10], [11  37], [25  41], [26  27], [34  35], [39  40]
Turkey - TR;TR-01;174;8;[4  22  28], [5  6], [9  10], [11  37], [25  41], [26  27], [34  35], [39  40]
Turkey - TR;TR-01;175;8;[4  22  28], [5  6], [9  10], [11  37], [25  41], [26  27], [34  35], [39  40]
Turkey - TR;TR-01;176;8;[4  22  28], [5  6], [9  10], [11  37], [25  41], [26  27], [34  35], [39  40]
Turkey - TR;TR-01;177;8;[4  22  28], [5  6], [9  10], [11  37], [25  41], [26  27], [34  35], [39  40]
Turkey - TR;TR-01;178;8;[4  22  28], [5  6], [9  10], [11  37], [25  41], [26  27], [34  35], [39  40]
Turkey - TR;TR-01;179;8;[4  22  28], [5  6], [9  10], [11  37], [23  25  41], [26  27], [34  35], [39  40]
Turkey - TR;TR-01;180;8;[4  22  28], [5  6], [9  10], [11  37], [23  25  41], [26  27], [34  35], [39  40]
Turkey - TR;TR-01;181;8;[4  22  28], [5  6], [9  10], [11  37], [23  25  38  41], [26  27], [34  35], [39  40]
Turkey - TR;TR-01;182;8;[4  22  28], [5  6], [9  10], [11  37], [23  25  38  41], [26  27], [34  35], [39  40]
Turkey - TR;TR-01;183;8;[4  22  28], [5  6], [9  10], [11  37], [23  25  38  41], [26  27], [34  35], [39  40]
Turkey - TR;TR-01;184;9;[4  22  28], [5  6], [9  10], [11  37], [23  25  38  41], [26  27], [32  33], [34  35], [39  40]
Turkey - TR;TR-01;185;9;[4  22  28], [5  6], [9  10], [11  37], [23  25  38  41], [26  27], [32  33], [34  35], [39  40]
Turkey - TR;TR-01;186;2;[34  35], [39  40]