Country;Video;Frame;Num_Groups;Groups
Unknown - UKN;UKN-02;1;4;[1  2], [5  25], [8  9], [10  15  24  26]
Unknown - UKN;UKN-02;2;1;[1  2]
Unknown - UKN;UKN-02;3;1;[]
Unknown - UKN;UKN-02;4;1;[]
Unknown - UKN;UKN-02;5;2;[8  9], [15  24]
Unknown - UKN;UKN-02;6;2;[8  9], [15  24]
Unknown - UKN;UKN-02;7;2;[8  9], [15  24]
Unknown - UKN;UKN-02;8;2;[8  9], [15  24]
Unknown - UKN;UKN-02;9;3;[1  2], [8  9], [15  24]
Unknown - UKN;UKN-02;10;3;[1  2], [8  9], [15  24]
Unknown - UKN;UKN-02;11;3;[1  2], [8  9], [15  24]
Unknown - UKN;UKN-02;12;3;[1  2], [8  9], [15  24]
Unknown - UKN;UKN-02;13;3;[1  2], [8  9], [15  24]
Unknown - UKN;UKN-02;14;3;[1  2], [8  9], [15  24]
Unknown - UKN;UKN-02;15;3;[1  2], [8  9], [15  24]
Unknown - UKN;UKN-02;16;3;[1  2], [8  9], [15  24]
Unknown - UKN;UKN-02;17;3;[1  2], [8  9], [15  24]
Unknown - UKN;UKN-02;18;3;[1  2], [8  9], [15  24]
Unknown - UKN;UKN-02;19;4;[1  2], [8  9], [11  13], [15  24]
Unknown - UKN;UKN-02;20;4;[1  2], [8  9], [11  13], [15  24]
Unknown - UKN;UKN-02;21;4;[1  2], [8  9], [11  13], [15  24]
Unknown - UKN;UKN-02;22;4;[1  2], [8  9], [11  13], [15  24]
Unknown - UKN;UKN-02;23;4;[1  2], [8  9], [10  15  24], [11  13]
Unknown - UKN;UKN-02;24;4;[1  2], [8  9], [10  15  24], [11  13]
Unknown - UKN;UKN-02;25;4;[1  2], [8  9], [11  13], [15  24]
Unknown - UKN;UKN-02;26;3;[1  2], [8  9], [15  24]
Unknown - UKN;UKN-02;27;3;[1  2], [8  9], [15  24]
Unknown - UKN;UKN-02;28;3;[1  2], [8  9], [15  24]
Unknown - UKN;UKN-02;29;3;[1  2], [8  9], [15  24]
Unknown - UKN;UKN-02;30;3;[1  2], [8  9], [15  24]
Unknown - UKN;UKN-02;31;3;[1  2], [8  9], [15  24]
Unknown - UKN;UKN-02;32;3;[1  2], [8  9], [15  24]
Unknown - UKN;UKN-02;33;3;[1  2], [8  9], [15  24]
Unknown - UKN;UKN-02;34;3;[1  2], [8  9], [15  24]
Unknown - UKN;UKN-02;35;3;[1  2], [8  9], [15  24]
Unknown - UKN;UKN-02;36;3;[1  2], [8  9], [15  24]
Unknown - UKN;UKN-02;37;3;[1  2], [8  9], [15  24]
Unknown - UKN;UKN-02;38;3;[1  2], [8  9], [15  24]
Unknown - UKN;UKN-02;39;3;[1  2], [8  9], [15  24]
Unknown - UKN;UKN-02;40;3;[1  2], [8  9], [15  24]
Unknown - UKN;UKN-02;41;3;[1  2], [8  9], [15  24]
Unknown - UKN;UKN-02;42;4;[1  2], [8  9], [15  24], [16  17]
Unknown - UKN;UKN-02;43;4;[1  2], [8  9], [15  24], [16  17]
Unknown - UKN;UKN-02;44;4;[1  2], [8  9], [15  24], [16  17]
Unknown - UKN;UKN-02;45;4;[1  2], [8  9], [15  24], [16  17]
Unknown - UKN;UKN-02;46;4;[1  2], [8  9], [15  24], [16  17]
Unknown - UKN;UKN-02;47;5;[1  2], [8  9], [10  12], [15  24], [16  17]
Unknown - UKN;UKN-02;48;5;[1  2], [8  9], [10  12], [15  24], [16  17]
Unknown - UKN;UKN-02;49;5;[1  2], [8  9], [10  12], [15  24], [16  17]
Unknown - UKN;UKN-02;50;5;[1  2], [8  9], [10  12], [15  24], [16  17]
Unknown - UKN;UKN-02;51;5;[1  2], [8  9], [10  12], [15  24], [16  17]
Unknown - UKN;UKN-02;52;5;[1  2], [8  9], [10  12], [15  24], [16  17]
Unknown - UKN;UKN-02;53;5;[1  2], [8  9], [10  12], [15  24], [16  17]
Unknown - UKN;UKN-02;54;5;[1  2], [8  9], [10  12], [15  24], [16  17]
Unknown - UKN;UKN-02;55;5;[1  2], [8  9], [10  12], [15  24], [16  17]
Unknown - UKN;UKN-02;56;5;[1  2], [8  9], [10  12], [15  24], [16  17]
Unknown - UKN;UKN-02;57;5;[1  2], [8  9], [10  12], [15  24], [16  17]
Unknown - UKN;UKN-02;58;5;[1  2], [8  9], [10  12], [15  24], [16  17]
Unknown - UKN;UKN-02;59;5;[1  2], [8  9], [10  12], [15  24], [16  17]
Unknown - UKN;UKN-02;60;5;[1  2], [8  9], [10  12], [15  24], [16  17]
Unknown - UKN;UKN-02;61;5;[1  2], [8  9], [10  12], [15  24], [16  17]
Unknown - UKN;UKN-02;62;6;[1  2], [8  9], [10  12], [15  24], [16  17], [29  30]
Unknown - UKN;UKN-02;63;5;[1  2], [8  9], [10  12], [15  24], [16  17]
Unknown - UKN;UKN-02;64;6;[1  2], [8  9], [10  12], [15  24], [16  17], [29  30]
Unknown - UKN;UKN-02;65;6;[1  2], [8  9], [10  12], [15  24], [16  17], [29  30]
Unknown - UKN;UKN-02;66;5;[1  2], [8  9], [10  12], [15  24], [29  30]
Unknown - UKN;UKN-02;67;5;[1  2], [8  9], [10  12], [15  24], [29  30]
Unknown - UKN;UKN-02;68;5;[1  2], [8  9], [10  12], [15  24], [29  30]
Unknown - UKN;UKN-02;69;5;[1  2], [8  9], [10  12], [15  24], [29  30]
Unknown - UKN;UKN-02;70;4;[1  2], [8  9], [10  12], [29  30]
Unknown - UKN;UKN-02;71;4;[1  2], [8  9], [10  12], [29  30]
Unknown - UKN;UKN-02;72;4;[1  2], [8  9], [10  12], [29  30]
Unknown - UKN;UKN-02;73;4;[1  2], [8  9], [10  12], [29  30]
Unknown - UKN;UKN-02;74;4;[1  2], [8  9], [10  12], [29  30]
Unknown - UKN;UKN-02;75;4;[1  2], [8  9], [10  12], [29  30]
Unknown - UKN;UKN-02;76;4;[1  2], [8  9], [10  12], [29  30]
Unknown - UKN;UKN-02;77;4;[1  2], [8  9], [10  12], [29  30]
Unknown - UKN;UKN-02;78;4;[1  2], [8  9], [10  12], [29  30]
Unknown - UKN;UKN-02;79;4;[1  2], [8  9], [10  12], [29  30]
Unknown - UKN;UKN-02;80;4;[1  2], [8  9], [10  12], [29  30]
Unknown - UKN;UKN-02;81;4;[1  2], [8  9], [10  12], [29  30]
Unknown - UKN;UKN-02;82;4;[1  2], [8  9], [10  12], [29  30]
Unknown - UKN;UKN-02;83;4;[1  2], [8  9], [10  12], [29  30]
Unknown - UKN;UKN-02;84;4;[1  2], [8  9], [10  12], [29  30]
Unknown - UKN;UKN-02;85;4;[1  2], [8  9], [10  12], [29  30]
Unknown - UKN;UKN-02;86;4;[1  2], [8  9], [10  12], [29  30]
Unknown - UKN;UKN-02;87;4;[1  2], [8  9], [10  12], [29  30]
Unknown - UKN;UKN-02;88;4;[1  2], [8  9], [10  12], [29  30]
Unknown - UKN;UKN-02;89;4;[1  2], [8  9], [10  12], [29  30]
Unknown - UKN;UKN-02;90;4;[1  2], [8   9  24], [10  12], [29  30]
Unknown - UKN;UKN-02;91;4;[1  2], [8   9  24], [10  12], [29  30]
Unknown - UKN;UKN-02;92;4;[1  2], [8   9  24], [10  12], [29  30]
Unknown - UKN;UKN-02;93;4;[1  2], [8   9  24], [10  12], [29  30]
Unknown - UKN;UKN-02;94;4;[1  2], [8   9  24], [10  12], [29  30]
Unknown - UKN;UKN-02;95;4;[1  2], [8   9  24], [10  12], [29  30]
Unknown - UKN;UKN-02;96;4;[1  2], [8   9  24], [10  12], [29  30]
Unknown - UKN;UKN-02;97;4;[1  2], [8   9  24], [10  12], [29  30]
Unknown - UKN;UKN-02;98;4;[1  2], [8   9  24], [10  12], [29  30]
Unknown - UKN;UKN-02;99;0;