Country;Video;Frame;Num_Groups;Groups
China - CN;CN-02;1;5;[2  3  4  5  6], [9  10], [11  12], [18  19], [22  23]
China - CN;CN-02;2;1;[2  3  4]
China - CN;CN-02;3;4;[2  3  4], [9  10], [18  19], [22  23]
China - CN;CN-02;4;6;[2  3  4], [5  6], [9  10], [11  12], [18  19], [22  23]
China - CN;CN-02;5;5;[3  4], [9  10], [11  12], [18  19], [22  23]
China - CN;CN-02;6;5;[3  4], [9  10], [11  12], [18  19], [22  23]
China - CN;CN-02;7;5;[3  4], [9  10], [11  12], [18  19], [22  23]
China - CN;CN-02;8;5;[3  4], [9  10], [11  12], [18  19], [22  23]
China - CN;CN-02;9;4;[2  3], [9  10], [18  19], [22  23]
China - CN;CN-02;10;5;[2  3], [9  10], [11  12], [18  19], [22  23]
China - CN;CN-02;11;5;[3  4], [9  10], [11  12], [18  19], [22  23]
China - CN;CN-02;12;5;[2  3  4], [9  10], [11  12], [18  19], [22  23]
China - CN;CN-02;13;6;[2  3  4], [5  6], [9  10], [11  12], [18  19], [22  23]
China - CN;CN-02;14;6;[2  3  4], [5  6], [9  10], [11  12], [18  19], [22  23]
China - CN;CN-02;15;6;[2  3  4], [5  6], [9  10], [11  12], [18  19], [22  23]
China - CN;CN-02;16;6;[2  3], [5  6], [9  10], [11  12], [18  19], [22  23]
China - CN;CN-02;17;6;[2  3  4], [5  6], [9  10], [11  12], [18  19], [22  23]
China - CN;CN-02;18;6;[2  3  4], [5  6], [9  10], [11  12], [18  19], [22  23]
China - CN;CN-02;19;6;[2  3], [5  6], [9  10], [11  12], [18  19], [22  23]
China - CN;CN-02;20;6;[2  3], [5  6], [9  10], [11  12], [18  19], [22  23]
China - CN;CN-02;21;6;[2  3], [5  6], [9  10], [11  12], [18  19], [22  23]
China - CN;CN-02;22;6;[2  3], [5  6], [9  10], [11  12], [18  19], [22  23]
China - CN;CN-02;23;6;[2  3], [5  6], [9  10], [11  12], [18  19], [22  23]
China - CN;CN-02;24;6;[2  3  4], [5  6], [9  10], [11  12], [18  19], [22  23]
China - CN;CN-02;25;6;[2  3  4], [5  6], [9  10], [11  12], [18  19], [22  23]
China - CN;CN-02;26;6;[2  3  4], [5  6], [9  10], [11  12], [18  19], [22  23]
China - CN;CN-02;27;6;[2  3  4], [5  6], [9  10], [11  12], [18  19], [22  23]
China - CN;CN-02;28;6;[2  3  4], [5  6], [9  10], [11  12], [18  19], [22  23]
China - CN;CN-02;29;6;[2  3  4], [5  6], [9  10], [11  12], [18  19], [22  23]
China - CN;CN-02;30;6;[2  3  4], [5  6], [9  10], [11  12], [18  19], [22  23]
China - CN;CN-02;31;6;[2  3  4], [5  6], [9  10], [11  12], [18  19], [22  23]
China - CN;CN-02;32;6;[2  3  4], [5  6], [9  10], [11  12], [18  19], [22  23]
China - CN;CN-02;33;7;[2  3  4], [5  6], [9  10], [11  12], [18  19], [20  21], [22  23]
China - CN;CN-02;34;6;[2  3  4], [5  6], [9  10], [11  12], [18  19], [22  23]
China - CN;CN-02;35;6;[5  6], [9  10], [11  12], [18  19], [20  21], [22  23]
China - CN;CN-02;36;5;[5  6], [9  10], [11  12], [18  19], [22  23]
China - CN;CN-02;37;5;[5  6], [9  10], [11  12], [18  19], [22  23]
China - CN;CN-02;38;5;[5  6], [9  10], [11  12], [18  19], [20  22  23]
China - CN;CN-02;39;5;[5  6], [9  10], [11  12], [18  19], [20  21  22  23]
China - CN;CN-02;40;5;[5  6], [9  10], [11  12], [18  19], [20  22  23]
China - CN;CN-02;41;5;[5  6], [9  10], [11  12], [18  19], [20  22  23]
China - CN;CN-02;42;6;[3  4], [5  6], [9  10], [11  12], [18  19], [20  22  23]
China - CN;CN-02;43;6;[3  4], [5  6], [9  10], [11  12], [18  19], [20  22  23]
China - CN;CN-02;44;6;[2  3  4], [5  6], [9  10], [11  12], [18  19], [20  22  23]
China - CN;CN-02;45;6;[2  3  4], [5  6], [9  10], [11  12], [18  19], [20  22  23]
China - CN;CN-02;46;6;[2  3  4], [5  6], [9  10], [11  12], [18  19], [20  22  23]
China - CN;CN-02;47;6;[2  3  4], [5  6], [9  10], [11  12], [18  19], [20  22  23]
China - CN;CN-02;48;6;[2  3  4], [5  6], [9  10], [11  12], [18  19], [20  22  23]
China - CN;CN-02;49;6;[2  3  4], [5  6], [9  10], [11  12], [18  19], [20  22  23]
China - CN;CN-02;50;6;[2  3  4], [5  6], [9  10], [11  12], [18  19], [20  22  23]
China - CN;CN-02;51;6;[2  3  4], [5  6], [9  10], [11  12], [18  19], [20  22  23]
China - CN;CN-02;52;6;[2  3  4], [5  6], [9  10], [11  12], [18  19], [20  22  23]
China - CN;CN-02;53;6;[2  3  4], [5  6], [9  10], [11  12], [18  19], [20  21  22  23]
China - CN;CN-02;54;6;[2  3  4], [5  6], [9  10], [11  12], [18  19], [20  21  22  23]
China - CN;CN-02;55;6;[2  3  4], [5  6], [9  10], [11  12], [18  19], [20  21  22  23]
China - CN;CN-02;56;6;[2  3  4], [5  6], [9  10], [11  12], [18  19], [20  21  22  23]
China - CN;CN-02;57;6;[2  3  4], [5  6], [9  10], [11  12], [18  19], [20  22  23]
China - CN;CN-02;58;6;[2  3  4], [5  6], [9  10], [11  12], [18  19], [20  21  22  23]
China - CN;CN-02;59;6;[2  3  4], [5  6], [9  10], [11  12], [18  19], [20  22  23]
China - CN;CN-02;60;6;[2  3  4], [5  6], [9  10], [11  12], [18  19], [20  22  23]
China - CN;CN-02;61;6;[2  3  4], [5  6], [9  10], [11  12], [18  19], [20  22  23]
China - CN;CN-02;62;6;[2  3  4], [5  6], [9  10], [11  12], [18  19], [20  22  23]
China - CN;CN-02;63;6;[2  3  4], [5  6], [9  10], [11  12], [18  19], [20  22  23]
China - CN;CN-02;64;6;[2  3  4], [5  6], [9  10], [11  12], [18  19], [20  22  23]
China - CN;CN-02;65;6;[2  3  4], [5  6], [9  10], [11  12], [18  19], [20  22  23]
China - CN;CN-02;66;6;[2  3  4], [5  6], [9  10], [11  12], [18  19], [20  22  23]
China - CN;CN-02;67;6;[2  3  4], [5  6], [9  10], [11  12], [18  19], [20  22  23]
China - CN;CN-02;68;6;[2  3  4], [5  6], [9  10], [11  12], [18  19], [20  22  23]
China - CN;CN-02;69;6;[2  3  4], [5  6], [9  10], [11  12], [18  19], [20  22  23]
China - CN;CN-02;70;6;[2  3  4], [5  6], [9  10], [11  12], [18  19], [20  22  23]
China - CN;CN-02;71;6;[2  3  4], [5  6], [9  10], [11  12], [18  19], [20  22  23]
China - CN;CN-02;72;6;[2  3  4], [5  6], [9  10], [11  12], [18  19], [20  22  23]
China - CN;CN-02;73;6;[2  3  4], [5  6], [9  10], [11  12], [18  19], [20  22  23]
China - CN;CN-02;74;6;[2  3  4], [5  6], [9  10], [11  12], [18  19], [20  22  23]
China - CN;CN-02;75;6;[2  3  4], [5  6], [9  10], [11  12], [18  19], [20  22  23]
China - CN;CN-02;76;6;[2  3  4], [5  6], [9  10], [11  12], [18  19], [20  22  23]
China - CN;CN-02;77;6;[2  3  4], [5  6], [9  10], [11  12], [18  19], [20  22  23]
China - CN;CN-02;78;6;[2  3  4], [5  6], [9  10], [11  12], [18  19], [20  22  23]
China - CN;CN-02;79;6;[3  4], [5  6], [9  10], [11  12], [18  19], [20  22  23]
China - CN;CN-02;80;6;[3  4], [5  6], [9  10], [11  12], [18  19], [20  22  23]
China - CN;CN-02;81;6;[3  4], [5  6], [9  10], [11  12], [18  19], [20  22  23]
China - CN;CN-02;82;6;[3  4], [5  6], [9  10], [11  12], [18  19], [20  22  23]
China - CN;CN-02;83;6;[3  4], [5  6], [9  10], [11  12], [18  19], [20  22  23]
China - CN;CN-02;84;6;[3  4], [5  6], [9  10], [11  12], [18  19], [20  22  23]
China - CN;CN-02;85;6;[3  4], [5  6], [9  10], [11  12], [18  19], [20  22  23]
China - CN;CN-02;86;5;[3  4], [5  6], [11  12], [18  19], [20  21  22  23]
China - CN;CN-02;87;5;[3  4], [5  6], [11  12], [18  19], [20  21  22  23]
China - CN;CN-02;88;5;[3  4], [5  6], [11  12], [18  19], [20  21  22  23]
China - CN;CN-02;89;6;[3  4], [5  6], [11  12], [18  19], [20  21  22  23], [27  28]
China - CN;CN-02;90;6;[3  4], [5  6], [11  12], [18  19], [20  21  22  23], [27  28]
China - CN;CN-02;91;6;[3  4], [5  6], [11  12], [18  19], [20  21  22  23], [27  28]
China - CN;CN-02;92;6;[3  4], [5  6], [11  12], [18  19], [20  21  22  23], [27  28]
China - CN;CN-02;93;6;[3  4], [5  6], [11  12], [18  19], [20  21  22  23], [27  28]
China - CN;CN-02;94;6;[3  4], [5  6], [11  12], [18  19], [20  21  22  23], [27  28]
China - CN;CN-02;95;6;[3  4], [5  6], [11  12], [18  19], [20  21  22  23], [27  28]
China - CN;CN-02;96;6;[3  4], [5  6], [11  12], [18  19], [20  21  22  23], [27  28]
China - CN;CN-02;97;6;[3  4], [5  6], [11  12], [18  19], [20  21  22  23], [27  28]
China - CN;CN-02;98;6;[3  4], [5  6], [11  12], [18  19], [20  21  22  23], [27  28]