Country;Video;Frame;Num_Groups;Groups
Austria - AT;AT-01;1;4;[1  6  7], [2  3], [4  5], [8  9]
Austria - AT;AT-01;2;4;[1  6  7], [2  3], [4  5], [8  9]
Austria - AT;AT-01;3;1;[4  5]
Austria - AT;AT-01;4;1;[2  3]
Austria - AT;AT-01;5;4;[2  3], [4  5], [6  7], [8  9]
Austria - AT;AT-01;6;3;[2  3], [6  7], [8  9]
Austria - AT;AT-01;7;3;[2  3], [6  7], [8  9]
Austria - AT;AT-01;8;4;[2  3], [4  5], [6  7], [8  9]
Austria - AT;AT-01;9;4;[2  3], [4  5], [6  7], [8  9]
Austria - AT;AT-01;10;4;[2  3], [4  5], [6  7], [8  9]
Austria - AT;AT-01;11;4;[2  3], [4  5], [6  7], [8  9]
Austria - AT;AT-01;12;4;[2  3], [4  5], [6  7], [8  9]
Austria - AT;AT-01;13;4;[2  3], [4  5], [6  7], [8  9]
Austria - AT;AT-01;14;4;[2  3], [4  5], [6  7], [8  9]
Austria - AT;AT-01;15;4;[2  3], [4  5], [6  7], [8  9]
Austria - AT;AT-01;16;4;[2  3], [4  5], [6  7], [8  9]
Austria - AT;AT-01;17;4;[1  6  7], [2  3], [4  5], [8  9]
Austria - AT;AT-01;18;4;[1  6  7], [2  3], [4  5], [8  9]
Austria - AT;AT-01;19;4;[1  6  7], [2  3], [4  5], [8  9]
Austria - AT;AT-01;20;4;[1  6  7], [2  3], [4  5], [8  9]
Austria - AT;AT-01;21;4;[1  6  7], [2  3], [4  5], [8  9]
Austria - AT;AT-01;22;4;[1  6  7], [2  3], [4  5], [8  9]
Austria - AT;AT-01;23;4;[1  6  7], [2  3], [4  5], [8  9]
Austria - AT;AT-01;24;4;[1  6  7], [2  3], [4  5], [8  9]
Austria - AT;AT-01;25;4;[1  6  7], [2  3], [4  5], [8  9]
Austria - AT;AT-01;26;4;[1  6  7], [2  3], [4  5], [8  9]
Austria - AT;AT-01;27;4;[1  6  7], [2  3], [4  5], [8  9]
Austria - AT;AT-01;28;4;[1  6  7], [2  3], [4  5], [8  9]
Austria - AT;AT-01;29;4;[2  3], [4  5], [6  7], [8  9]
Austria - AT;AT-01;30;4;[2  3], [4  5], [6  7], [8  9]
Austria - AT;AT-01;31;4;[2  3], [4  5], [6  7], [8  9]
Austria - AT;AT-01;32;4;[2  3], [4  5], [6  7], [8  9]
Austria - AT;AT-01;33;4;[2  3], [4  5], [6  7], [8  9]
Austria - AT;AT-01;34;4;[2  3], [4  5], [6  7], [8  9]
Austria - AT;AT-01;35;4;[2  3], [4  5], [6  7], [8  9]
Austria - AT;AT-01;36;4;[2  3], [4  5], [6  7], [8  9]
Austria - AT;AT-01;37;4;[2  3], [4  5], [6  7], [8  9]
Austria - AT;AT-01;38;4;[2  3], [4  5], [6  7], [8  9]
Austria - AT;AT-01;39;4;[2  3], [4  5], [6  7], [8  9]
Austria - AT;AT-01;40;4;[2  3], [4  5], [6  7], [8  9]
Austria - AT;AT-01;41;4;[2  3], [4  5], [6  7], [8  9]
Austria - AT;AT-01;42;4;[2  3], [4  5], [6  7], [8  9]
Austria - AT;AT-01;43;4;[2  3], [4  5], [6  7], [8  9]
Austria - AT;AT-01;44;4;[2  3], [4  5], [6  7], [8  9]
Austria - AT;AT-01;45;4;[2  3], [4  5], [6  7], [8  9]
Austria - AT;AT-01;46;4;[2  3], [4  5], [6  7], [8  9]
Austria - AT;AT-01;47;4;[2  3], [4  5], [6  7], [8  9]
Austria - AT;AT-01;48;4;[2  3], [4  5], [6  7], [8  9]
Austria - AT;AT-01;49;4;[2  3], [4  5], [6  7], [8  9]
Austria - AT;AT-01;50;4;[2  3], [4  5], [6  7], [8  9]
Austria - AT;AT-01;51;4;[2  3], [4  5], [6  7], [8  9]
Austria - AT;AT-01;52;4;[2  3], [4  5], [6  7], [8  9]
Austria - AT;AT-01;53;4;[2  3], [4  5], [6  7], [8  9]
Austria - AT;AT-01;54;4;[2  3], [4  5], [6  7], [8  9]
Austria - AT;AT-01;55;4;[2  3], [4  5], [6  7], [8  9]
Austria - AT;AT-01;56;4;[2  3], [4  5], [6  7], [8  9]
Austria - AT;AT-01;57;4;[2  3], [4  5], [6  7], [8  9]
Austria - AT;AT-01;58;4;[2  3], [4  5], [6  7], [8  9]
Austria - AT;AT-01;59;4;[2  3], [4  5], [6  7], [8  9]
Austria - AT;AT-01;60;4;[2  3], [4  5], [6  7], [8  9]
Austria - AT;AT-01;61;4;[2  3], [4  5], [6  7], [8  9]
Austria - AT;AT-01;62;4;[2  3], [4  5], [6  7], [8  9]
Austria - AT;AT-01;63;4;[2  3], [4  5], [6  7], [8  9]
Austria - AT;AT-01;64;4;[2  3], [4  5], [6  7], [8  9]
Austria - AT;AT-01;65;4;[2  3], [4  5], [6  7], [8  9]
Austria - AT;AT-01;66;4;[2  3], [4  5], [6  7], [8  9]
Austria - AT;AT-01;67;4;[2  3], [4  5], [6  7], [8  9]
Austria - AT;AT-01;68;4;[2  3], [4  5], [6  7], [8  9]
Austria - AT;AT-01;69;4;[2  3], [4  5], [6  7], [8  9]
Austria - AT;AT-01;70;4;[2  3], [4  5], [6  7], [8  9]
Austria - AT;AT-01;71;4;[2  3], [4  5], [6  7], [8  9]
Austria - AT;AT-01;72;4;[2  3], [4  5], [6  7], [8  9]
Austria - AT;AT-01;73;4;[2  3], [4  5], [6  7], [8  9]
Austria - AT;AT-01;74;4;[2  3], [4  5], [6  7], [8  9]
Austria - AT;AT-01;75;4;[2  3], [4  5], [6  7], [8  9]
Austria - AT;AT-01;76;4;[2  3], [4  5], [6  7], [8  9]
Austria - AT;AT-01;77;4;[2  3], [4  5], [6  7], [8  9]
Austria - AT;AT-01;78;4;[2  3], [4  5], [6  7], [8  9]
Austria - AT;AT-01;79;4;[2  3], [4  5], [6  7], [8  9]
Austria - AT;AT-01;80;4;[2  3], [4  5], [6  7], [8  9]
Austria - AT;AT-01;81;4;[2  3], [4  5], [6  7], [8  9]
Austria - AT;AT-01;82;4;[2  3], [4  5], [6  7], [8  9]
Austria - AT;AT-01;83;4;[2  3], [4  5], [6  7], [8  9]
Austria - AT;AT-01;84;4;[2  3], [4  5], [6  7], [8  9]
Austria - AT;AT-01;85;4;[2  3], [4  5], [6  7], [8  9]
Austria - AT;AT-01;86;4;[2  3], [4  5], [6  7], [8  9]
Austria - AT;AT-01;87;4;[2  3], [4  5], [6  7], [8  9]
Austria - AT;AT-01;88;4;[2  3], [4  5], [6  7], [8  9]
Austria - AT;AT-01;89;4;[2  3], [4  5], [6  7], [8  9]
Austria - AT;AT-01;90;4;[2  3], [4  5], [6  7], [8  9]
Austria - AT;AT-01;91;4;[2  3], [4  5], [6  7], [8  9]
Austria - AT;AT-01;92;4;[2  3], [4  5], [6  7], [8  9]
Austria - AT;AT-01;93;4;[2  3], [4  5], [6  7], [8  9]
Austria - AT;AT-01;94;4;[2  3], [4  5], [6  7], [8  9]
Austria - AT;AT-01;95;4;[2  3], [4  5], [6  7], [8  9]
Austria - AT;AT-01;96;4;[2  3], [4  5], [6  7], [8  9]
Austria - AT;AT-01;97;4;[2  3], [4  5], [6  7], [8  9]
Austria - AT;AT-01;98;4;[2  3], [4  5], [6  7], [8  9]
Austria - AT;AT-01;99;4;[2  3], [4  5], [6  7], [8  9]
Austria - AT;AT-01;100;4;[2  3], [4  5], [6  7], [8  9]
Austria - AT;AT-01;101;4;[2  3], [4  5], [6  7], [8  9]
Austria - AT;AT-01;102;4;[2  3], [4  5], [6  7], [8  9]
Austria - AT;AT-01;103;4;[2  3], [4  5], [6  7], [8  9]
Austria - AT;AT-01;104;4;[2  3], [4  5], [6  7], [8  9]
Austria - AT;AT-01;105;4;[2  3], [4  5], [6  7], [8  9]
Austria - AT;AT-01;106;4;[2  3], [4  5], [6  7], [8  9]
Austria - AT;AT-01;107;4;[2  3], [4  5], [6  7], [8  9]
Austria - AT;AT-01;108;4;[2  3], [4  5], [6  7], [8  9]
Austria - AT;AT-01;109;4;[2  3], [4  5], [6  7], [8  9]
Austria - AT;AT-01;110;4;[2  3], [4  5], [6  7], [8  9]
Austria - AT;AT-01;111;4;[2  3], [4  5], [6  7], [8  9]
Austria - AT;AT-01;112;4;[2  3], [4  5], [6  7], [8  9]
Austria - AT;AT-01;113;4;[2  3], [4  5], [6  7], [8  9]
Austria - AT;AT-01;114;4;[2  3], [4  5], [6  7], [8  9]
Austria - AT;AT-01;115;4;[2  3], [4  5], [6  7], [8  9]
Austria - AT;AT-01;116;4;[2  3], [4  5], [6  7], [8  9]
Austria - AT;AT-01;117;4;[2  3], [4  5], [6  7], [8  9]
Austria - AT;AT-01;118;4;[2  3], [4  5], [6  7], [8  9]
Austria - AT;AT-01;119;4;[2  3], [4  5], [6  7], [8  9]
Austria - AT;AT-01;120;4;[2  3], [4  5], [6  7], [8  9]
Austria - AT;AT-01;121;4;[2  3], [4  5], [6  7], [8  9]
Austria - AT;AT-01;122;4;[2  3], [4  5], [6  7], [8  9]
Austria - AT;AT-01;123;4;[2  3], [4  5], [6  7], [8  9]
Austria - AT;AT-01;124;4;[2  3], [4  5], [6  7], [8  9]
Austria - AT;AT-01;125;4;[2  3], [4  5], [6  7], [8  9]
Austria - AT;AT-01;126;4;[2  3], [4  5], [6  7], [8  9]
Austria - AT;AT-01;127;4;[2  3], [4  5], [6  7], [8  9]
Austria - AT;AT-01;128;4;[2  3], [4  5], [6  7], [8  9]
Austria - AT;AT-01;129;4;[2  3], [4  5], [6  7], [8  9]
Austria - AT;AT-01;130;4;[2  3], [4  5], [6  7], [8  9]
Austria - AT;AT-01;131;4;[2  3], [4  5], [6  7], [8  9]
Austria - AT;AT-01;132;4;[2  3], [4  5], [6  7], [8  9]
Austria - AT;AT-01;133;4;[2  3], [4  5], [6  7], [8  9]
Austria - AT;AT-01;134;4;[2  3], [4  5], [6  7], [8  9]
Austria - AT;AT-01;135;4;[2  3], [4  5], [6  7], [8  9]
Austria - AT;AT-01;136;4;[2  3], [4  5], [6  7], [8  9]
Austria - AT;AT-01;137;4;[2  3], [4  5], [6  7], [8  9]
Austria - AT;AT-01;138;4;[2  3], [4  5], [6  7], [8  9]
Austria - AT;AT-01;139;4;[2  3], [4  5], [6  7], [8  9]
Austria - AT;AT-01;140;4;[2  3], [4  5], [6  7], [8  9]
Austria - AT;AT-01;141;4;[2  3], [4  5], [6  7], [8  9]
Austria - AT;AT-01;142;4;[2  3], [4  5], [6  7], [8  9]
Austria - AT;AT-01;143;4;[2  3], [4  5], [6  7], [8  9]
Austria - AT;AT-01;144;4;[2  3], [4  5], [6  7], [8  9]
Austria - AT;AT-01;145;4;[2  3], [4  5], [6  7], [8  9]
Austria - AT;AT-01;146;4;[2  3], [4  5], [6  7], [8  9]
Austria - AT;AT-01;147;4;[2  3], [4  5], [6  7], [8  9]
Austria - AT;AT-01;148;4;[2  3], [4  5], [6  7], [8  9]
Austria - AT;AT-01;149;4;[2  3], [4  5], [6  7], [8  9]
Austria - AT;AT-01;150;4;[2  3], [4  5], [6  7], [8  9]
Austria - AT;AT-01;151;4;[2  3], [4  5], [6  7], [8  9]
Austria - AT;AT-01;152;4;[2  3], [4  5], [6  7], [8  9]
Austria - AT;AT-01;153;4;[2  3], [4  5], [6  7], [8  9]
Austria - AT;AT-01;154;4;[2  3], [4  5], [6  7], [8  9]
Austria - AT;AT-01;155;4;[2  3], [4  5], [6  7], [8  9]
Austria - AT;AT-01;156;4;[2  3], [4  5], [6  7], [8  9]
Austria - AT;AT-01;157;4;[2  3], [4  5], [6  7], [8  9]
Austria - AT;AT-01;158;4;[2  3], [4  5], [6  7], [8  9]
Austria - AT;AT-01;159;4;[2  3], [4  5], [6  7], [8  9]
Austria - AT;AT-01;160;4;[2  3], [4  5], [6  7], [8  9]
Austria - AT;AT-01;161;4;[2  3], [4  5], [6  7], [8  9]
Austria - AT;AT-01;162;4;[2  3], [4  5], [6  7], [8  9]
Austria - AT;AT-01;163;4;[2  3], [4  5], [6  7], [8  9]
Austria - AT;AT-01;164;4;[2  3], [4  5], [6  7], [8  9]
Austria - AT;AT-01;165;4;[2  3], [4  5], [6  7], [8  9]
Austria - AT;AT-01;166;4;[2  3], [4  5], [6  7], [8  9]
Austria - AT;AT-01;167;4;[2  3], [4  5], [6  7], [8  9]
Austria - AT;AT-01;168;4;[2  3], [4  5], [6  7], [8  9]
Austria - AT;AT-01;169;4;[2  3], [4  5], [6  7], [8  9]
Austria - AT;AT-01;170;4;[2  3], [4  5], [6  7], [8  9]
Austria - AT;AT-01;171;4;[2  3], [4  5], [6  7], [8  9]
Austria - AT;AT-01;172;4;[2  3], [4  5], [6  7], [8  9]
Austria - AT;AT-01;173;4;[2  3], [4  5], [6  7], [8  9]
Austria - AT;AT-01;174;4;[2  3], [4  5], [6  7], [8  9]
Austria - AT;AT-01;175;4;[2  3], [4  5], [6  7], [8  9]
Austria - AT;AT-01;176;4;[2  3], [4  5], [6  7], [8  9]
Austria - AT;AT-01;177;4;[2  3], [4  5], [6  7], [8  9]
Austria - AT;AT-01;178;4;[2  3], [4  5], [6  7], [8  9]
Austria - AT;AT-01;179;4;[2  3], [4  5], [6  7], [8  9]
Austria - AT;AT-01;180;4;[2  3], [4  5], [6  7], [8  9]
Austria - AT;AT-01;181;4;[2  3], [4  5], [6  7], [8  9]
Austria - AT;AT-01;182;4;[2  3], [4  5], [6  7], [8  9]
Austria - AT;AT-01;183;4;[2  3], [4  5], [6  7], [8  9]
Austria - AT;AT-01;184;4;[2  3], [4  5], [6  7], [8  9]
Austria - AT;AT-01;185;4;[2  3], [4  5], [6  7], [8  9]
Austria - AT;AT-01;186;4;[2  3], [4  5], [6  7], [8  9]
Austria - AT;AT-01;187;4;[2  3], [4  5], [6  7], [8  9]
Austria - AT;AT-01;188;4;[2  3], [4  5], [6  7], [8  9]
Austria - AT;AT-01;189;4;[2  3], [4  5], [6  7], [8  9]
Austria - AT;AT-01;190;4;[2  3], [4  5], [6  7], [8  9]
Austria - AT;AT-01;191;4;[2  3], [4  5], [6  7], [8  9]
Austria - AT;AT-01;192;4;[2  3], [4  5], [6  7], [8  9]
Austria - AT;AT-01;193;4;[2  3], [4  5], [6  7], [8  9]
Austria - AT;AT-01;194;4;[2  3], [4  5], [6  7], [8  9]
Austria - AT;AT-01;195;4;[2  3], [4  5], [6  7], [8  9]
Austria - AT;AT-01;196;4;[2  3], [4  5], [6  7], [8  9]
Austria - AT;AT-01;197;4;[2  3], [4  5], [6  7], [8  9]
Austria - AT;AT-01;198;4;[2  3], [4  5], [6  7], [8  9]
Austria - AT;AT-01;199;4;[2  3], [4  5], [6  7], [8  9]
Austria - AT;AT-01;200;4;[2  3], [4  5], [6  7], [8  9]
Austria - AT;AT-01;201;4;[2  3], [4  5], [6  7], [8  9]
Austria - AT;AT-01;202;4;[2  3], [4  5], [6  7], [8  9]
Austria - AT;AT-01;203;3;[2  3], [6  7], [8  9]
Austria - AT;AT-01;204;3;[2  3], [6  7], [8  9]
Austria - AT;AT-01;205;3;[2  3], [6  7], [8  9]
Austria - AT;AT-01;206;3;[2  3], [6  7], [8  9]
Austria - AT;AT-01;207;3;[2  3], [6  7], [8  9]
Austria - AT;AT-01;208;3;[2  3], [6  7], [8  9]
Austria - AT;AT-01;209;3;[2  3], [6  7], [8  9]
Austria - AT;AT-01;210;3;[2  3], [6  7], [8  9]
Austria - AT;AT-01;211;3;[2  3], [6  7], [8  9]
Austria - AT;AT-01;212;3;[2  3], [6  7], [8  9]
Austria - AT;AT-01;213;3;[2  3], [6  7], [8  9]
Austria - AT;AT-01;214;3;[2  3], [6  7], [8  9]
Austria - AT;AT-01;215;3;[2  3], [6  7], [8  9]
Austria - AT;AT-01;216;3;[2  3], [6  7], [8  9]
Austria - AT;AT-01;217;3;[2  3], [6  7], [8  9]
Austria - AT;AT-01;218;3;[2  3], [6  7], [8  9]
Austria - AT;AT-01;219;3;[2  3], [6  7], [8  9]
Austria - AT;AT-01;220;3;[2  3], [6  7], [8  9]
Austria - AT;AT-01;221;3;[2  3], [6  7], [8  9]
Austria - AT;AT-01;222;3;[2  3], [6  7], [8  9]
Austria - AT;AT-01;223;3;[2  3], [6  7], [8  9]
Austria - AT;AT-01;224;3;[2  3], [6  7], [8  9]
Austria - AT;AT-01;225;3;[2  3], [6  7], [8  9]
Austria - AT;AT-01;226;3;[2  3], [6  7], [8  9]
Austria - AT;AT-01;227;3;[2  3], [6  7], [8  9]
Austria - AT;AT-01;228;3;[2  3], [6  7], [8  9]
Austria - AT;AT-01;229;3;[2  3], [6  7], [8  9]
Austria - AT;AT-01;230;3;[2  3], [6  7], [8  9]
Austria - AT;AT-01;231;3;[2  3], [6  7], [8  9]
Austria - AT;AT-01;232;3;[2  3], [6  7], [8  9]
Austria - AT;AT-01;233;3;[2  3], [6  7], [8  9]
Austria - AT;AT-01;234;3;[2  3], [6  7], [8  9]
Austria - AT;AT-01;235;3;[2  3], [6  7], [8  9]
Austria - AT;AT-01;236;3;[2  3], [6  7], [8  9]
Austria - AT;AT-01;237;3;[2  3], [6  7], [8  9]
Austria - AT;AT-01;238;3;[2  3], [6  7], [8  9]
Austria - AT;AT-01;239;3;[2  3], [6  7], [8  9]
Austria - AT;AT-01;240;3;[2  3], [6  7], [8  9]
Austria - AT;AT-01;241;3;[2  3], [6  7], [8  9]
Austria - AT;AT-01;242;3;[2  3], [6  7], [8   9  10]
Austria - AT;AT-01;243;3;[2  3], [6  7], [8   9  10]
Austria - AT;AT-01;244;3;[2  3], [6  7], [8   9  10]
Austria - AT;AT-01;245;3;[2  3], [6  7], [8   9  10]
Austria - AT;AT-01;246;3;[2  3], [6  7], [8   9  10]
Austria - AT;AT-01;247;3;[2  3], [6  7], [8   9  10]
Austria - AT;AT-01;248;3;[2  3], [6  7], [8   9  10]
Austria - AT;AT-01;249;3;[2  3], [6  7], [8   9  10]
Austria - AT;AT-01;250;3;[2  3], [6  7], [8   9  10]
Austria - AT;AT-01;251;3;[2  3], [6  7], [8   9  10]
Austria - AT;AT-01;252;3;[2  3], [6  7], [8   9  10]
Austria - AT;AT-01;253;3;[2  3], [6  7], [8  9]
Austria - AT;AT-01;254;3;[2  3], [6  7], [8  9]
Austria - AT;AT-01;255;3;[2  3], [6  7], [8  9]
Austria - AT;AT-01;256;3;[2  3], [6  7], [8  9]
Austria - AT;AT-01;257;3;[2  3], [6  7], [8  9]
Austria - AT;AT-01;258;3;[2  3], [6  7], [8  9]
Austria - AT;AT-01;259;3;[2  3], [6  7], [8  9]
Austria - AT;AT-01;260;3;[2  3], [6  7], [8  9]
Austria - AT;AT-01;261;3;[2  3], [6  7], [8  9]
Austria - AT;AT-01;262;3;[2  3], [6  7], [8  9]
Austria - AT;AT-01;263;3;[2  3], [6  7], [8  9]
Austria - AT;AT-01;264;3;[2  3], [6  7], [8  9]
Austria - AT;AT-01;265;3;[2  3], [6  7], [8  9]
Austria - AT;AT-01;266;3;[2  3], [6  7], [8  9]
Austria - AT;AT-01;267;3;[2  3], [6  7], [8  9]
Austria - AT;AT-01;268;3;[2  3], [6  7], [8  9]
Austria - AT;AT-01;269;3;[2  3], [6  7], [8  9]
Austria - AT;AT-01;270;3;[2  3], [6  7], [8  9]
Austria - AT;AT-01;271;3;[2  3], [6  7], [8  9]
Austria - AT;AT-01;272;3;[2  3], [6  7], [8  9]
Austria - AT;AT-01;273;3;[2  3], [6  7], [8  9]
Austria - AT;AT-01;274;3;[2  3], [6  7], [8  9]
Austria - AT;AT-01;275;3;[2  3], [6  7], [8  9]
Austria - AT;AT-01;276;3;[2  3], [6  7], [8  9]
Austria - AT;AT-01;277;3;[2  3], [6  7], [8  9]
Austria - AT;AT-01;278;3;[2  3], [6  7], [8  9]
Austria - AT;AT-01;279;3;[2  3], [6  7], [8  9]
Austria - AT;AT-01;280;3;[2  3], [6  7], [8  9]
Austria - AT;AT-01;281;3;[2  3], [6  7], [8  9]
Austria - AT;AT-01;282;3;[2  3], [6  7], [8  9]
Austria - AT;AT-01;283;3;[2  3], [6  7], [8  9]
Austria - AT;AT-01;284;3;[2  3], [6  7], [8  9]
Austria - AT;AT-01;285;3;[2  3], [6  7], [8  9]
Austria - AT;AT-01;286;3;[2  3], [6  7], [8  9]
Austria - AT;AT-01;287;3;[2  3], [6  7], [8  9]
Austria - AT;AT-01;288;3;[2  3], [6  7], [8  9]
Austria - AT;AT-01;289;3;[2  3], [6  7], [8  9]
Austria - AT;AT-01;290;3;[2  3], [6  7], [8  9]
Austria - AT;AT-01;291;3;[2  3], [6  7], [8  9]
Austria - AT;AT-01;292;3;[2  3], [6  7], [8  9]
Austria - AT;AT-01;293;3;[2  3], [6  7], [8  9]
Austria - AT;AT-01;294;3;[2  3], [6  7], [8  9]
Austria - AT;AT-01;295;3;[2  3], [6  7], [8  9]
Austria - AT;AT-01;296;3;[2  3], [6  7], [8  9]
Austria - AT;AT-01;297;3;[2  3], [6  7], [8  9]
Austria - AT;AT-01;298;3;[2  3], [6  7], [8  9]
Austria - AT;AT-01;299;3;[2  3], [6  7], [8  9]
Austria - AT;AT-01;300;3;[2  3], [6  7], [8  9]
Austria - AT;AT-01;301;3;[2  3], [6  7], [8  9]
Austria - AT;AT-01;302;3;[1  8  9], [2  3], [6  7]
Austria - AT;AT-01;303;3;[1  8  9], [2  3], [6  7]
Austria - AT;AT-01;304;3;[1  8  9], [2  3], [6  7]
Austria - AT;AT-01;305;3;[1  8  9], [2  3], [6  7]
Austria - AT;AT-01;306;3;[1  8  9], [2  3], [6  7]
Austria - AT;AT-01;307;3;[1  8  9], [2  3], [6  7]
Austria - AT;AT-01;308;3;[1  8  9], [2  3], [6  7]
Austria - AT;AT-01;309;3;[1  8  9], [2  3], [6  7]
Austria - AT;AT-01;310;3;[1  8  9], [2  3], [6  7]
Austria - AT;AT-01;311;3;[1  8  9], [2  3], [6  7]
Austria - AT;AT-01;312;3;[1  8  9], [2  3], [6  7]
Austria - AT;AT-01;313;3;[1  8  9], [2  3], [6  7]
Austria - AT;AT-01;314;3;[1  8  9], [2  3], [6  7]
Austria - AT;AT-01;315;3;[1  8  9], [2  3], [6  7]
Austria - AT;AT-01;316;3;[1  8  9], [2  3], [6  7]
Austria - AT;AT-01;317;3;[1  8  9], [2  3], [6  7]
Austria - AT;AT-01;318;3;[1  8  9], [2  3], [6  7]
Austria - AT;AT-01;319;3;[1  8  9], [2  3], [6  7]
Austria - AT;AT-01;320;3;[1  8  9], [2  3], [6  7]
Austria - AT;AT-01;321;3;[1  8  9], [2  3], [6  7]
Austria - AT;AT-01;322;3;[1  8  9], [2  3], [6  7]
Austria - AT;AT-01;323;3;[1  8  9], [2  3], [6  7]
Austria - AT;AT-01;324;3;[1  8  9], [2  3], [6  7]
Austria - AT;AT-01;325;3;[1  8  9], [2  3], [6  7]
Austria - AT;AT-01;326;3;[1  8  9], [2  3], [6  7]
Austria - AT;AT-01;327;3;[1  8  9], [2  3], [6  7]
Austria - AT;AT-01;328;3;[1  8  9], [2  3], [6  7]
Austria - AT;AT-01;329;3;[1  8  9], [2  3], [6  7]
Austria - AT;AT-01;330;3;[1  8  9], [2  3], [6  7]
Austria - AT;AT-01;331;3;[1  8  9], [2  3], [6  7]
Austria - AT;AT-01;332;3;[1  8  9], [2  3], [6  7]
Austria - AT;AT-01;333;3;[1  8  9], [2  3], [6  7]
Austria - AT;AT-01;334;3;[1  8  9], [2  3], [6  7]
Austria - AT;AT-01;335;3;[1  8  9], [2  3], [6  7]
Austria - AT;AT-01;336;3;[1  8  9], [2  3], [6  7]
Austria - AT;AT-01;337;3;[1  8  9], [2  3], [6  7]
Austria - AT;AT-01;338;3;[1  8  9], [2  3], [6  7]
Austria - AT;AT-01;339;3;[1  8  9], [2  3], [6  7]
Austria - AT;AT-01;340;3;[1  8  9], [2  3], [6  7]
Austria - AT;AT-01;341;3;[1  8  9], [2  3], [6  7]
Austria - AT;AT-01;342;3;[1  8  9], [2  3], [6  7]
Austria - AT;AT-01;343;3;[1  8  9], [2  3], [6  7]
Austria - AT;AT-01;344;3;[1  8  9], [2  3], [6  7]
Austria - AT;AT-01;345;3;[1  8  9], [2  3], [6  7]
Austria - AT;AT-01;346;3;[1  8  9], [2  3], [6  7]
Austria - AT;AT-01;347;3;[1  8  9], [2  3], [6  7]
Austria - AT;AT-01;348;3;[1  8  9], [2  3], [6  7]
Austria - AT;AT-01;349;3;[1  8  9], [2  3], [6  7]
Austria - AT;AT-01;350;3;[1  8  9], [2  3], [6  7]
Austria - AT;AT-01;351;3;[1  8  9], [2  3], [6  7]
Austria - AT;AT-01;352;3;[1  8  9], [2  3], [6  7]
Austria - AT;AT-01;353;3;[1  8  9], [2  3], [6  7]
Austria - AT;AT-01;354;3;[1  8  9], [2  3], [6  7]
Austria - AT;AT-01;355;3;[1  8  9], [2  3], [6  7]
Austria - AT;AT-01;356;3;[1  8  9], [2  3], [6  7]
Austria - AT;AT-01;357;3;[1  8  9], [2  3], [6  7]
Austria - AT;AT-01;358;3;[1  8  9], [2  3], [6  7]
Austria - AT;AT-01;359;4;[1  8  9], [2  3], [6  7], [11  12]
Austria - AT;AT-01;360;3;[1  8  9], [2  3], [6  7]
Austria - AT;AT-01;361;3;[1  8  9], [2  3], [6  7]
Austria - AT;AT-01;362;3;[1  8  9], [2  3], [6  7]
Austria - AT;AT-01;363;3;[1  8  9], [2  3], [6  7]
Austria - AT;AT-01;364;3;[1  8  9], [2  3], [6  7]
Austria - AT;AT-01;365;3;[1  8  9], [2  3], [6  7]
Austria - AT;AT-01;366;4;[1  8  9], [2  3], [6  7], [11  12]
Austria - AT;AT-01;367;4;[1  8  9], [2  3], [6  7], [11  12]
Austria - AT;AT-01;368;4;[1  8  9], [2  3], [6  7], [11  12]
Austria - AT;AT-01;369;4;[1  8  9], [2  3], [6  7], [11  12]
Austria - AT;AT-01;370;4;[1  8  9], [2  3], [6  7], [11  12]
Austria - AT;AT-01;371;4;[1  8  9], [2  3], [6  7], [11  12]
Austria - AT;AT-01;372;4;[1  8  9], [2  3], [6  7], [11  12]
Austria - AT;AT-01;373;4;[1  8  9], [2  3], [6  7], [11  12]
Austria - AT;AT-01;374;4;[1  8  9], [2  3], [6  7], [11  12]
Austria - AT;AT-01;375;4;[1  8  9], [2  3], [6  7], [11  12]
Austria - AT;AT-01;376;4;[1  8  9], [2  3], [6  7], [11  12]
Austria - AT;AT-01;377;4;[1  8  9], [2  3], [6  7], [11  12]
Austria - AT;AT-01;378;4;[1  8  9], [2  3], [6  7], [11  12]
Austria - AT;AT-01;379;4;[1  8  9], [2  3], [6  7], [11  12]
Austria - AT;AT-01;380;4;[1  8  9], [2  3], [6  7], [11  12]
Austria - AT;AT-01;381;4;[1  8  9], [2  3], [6  7], [11  12]
Austria - AT;AT-01;382;4;[1  8  9], [2  3], [6  7], [11  12]
Austria - AT;AT-01;383;4;[1  8  9], [2  3], [6  7], [11  12]
Austria - AT;AT-01;384;4;[1  8  9], [2  3], [6  7], [11  12]
Austria - AT;AT-01;385;4;[1  8  9], [2  3], [6  7], [11  12]
Austria - AT;AT-01;386;4;[1  8  9], [2  3], [6  7], [11  12]
Austria - AT;AT-01;387;4;[1  8  9], [2  3], [6  7], [11  12]
Austria - AT;AT-01;388;3;[2  3], [6  7], [11  12]
Austria - AT;AT-01;389;3;[2  3], [6  7], [11  12]
Austria - AT;AT-01;390;3;[2  3], [6  7], [11  12]
Austria - AT;AT-01;391;3;[2  3], [6  7], [11  12]
Austria - AT;AT-01;392;3;[2  3], [6  7], [11  12]
Austria - AT;AT-01;393;3;[2  3], [6  7], [11  12]
Austria - AT;AT-01;394;3;[2  3], [6  7], [11  12]
Austria - AT;AT-01;395;3;[2  3], [6  7], [11  12]
Austria - AT;AT-01;396;3;[2  3], [6  7], [11  12]
Austria - AT;AT-01;397;3;[2  3], [6  7], [11  12]
Austria - AT;AT-01;398;3;[2  3], [6  7], [11  12]
Austria - AT;AT-01;399;3;[2  3], [6  7], [11  12]