Country;Video;Frame;Num_Groups;Groups
Germany - DE;DE-01;1;7;[1  2  3], [6  20], [7   8   9  10], [11  12], [22  29], [23  24], [25  26]
Germany - DE;DE-01;2;5;[1  2], [6  20], [11  12], [23  24], [25  26]
Germany - DE;DE-01;3;3;[9  10], [23  24], [25  26]
Germany - DE;DE-01;4;1;[23  24]
Germany - DE;DE-01;5;2;[8   9  10], [23  24]
Germany - DE;DE-01;6;3;[1  2], [8   9  10], [23  24]
Germany - DE;DE-01;7;4;[1  2], [6  20], [8   9  10], [23  24]
Germany - DE;DE-01;8;3;[1  2], [8   9  10], [23  24]
Germany - DE;DE-01;9;4;[1  2], [6  20], [8   9  10], [23  24]
Germany - DE;DE-01;10;4;[1  2], [6  20], [8   9  10], [23  24]
Germany - DE;DE-01;11;3;[1  2], [6  20], [7   8  10]
Germany - DE;DE-01;12;3;[1  2], [6  20], [7   8   9  10]
Germany - DE;DE-01;13;3;[1  2], [6  20], [7   8   9  10]
Germany - DE;DE-01;14;3;[1  2], [6  20], [7   8   9  10]
Germany - DE;DE-01;15;3;[6  20], [7  10], [8  9]
Germany - DE;DE-01;16;2;[6  20], [7   8   9  10]
Germany - DE;DE-01;17;2;[6  20], [7   8   9  10]
Germany - DE;DE-01;18;2;[6  20], [7   8   9  10]
Germany - DE;DE-01;19;4;[2  3], [6  20], [7  10], [8  9]
Germany - DE;DE-01;20;3;[2  3], [6  20], [7   8   9  10]
Germany - DE;DE-01;21;2;[6  20], [7   8   9  10]
Germany - DE;DE-01;22;2;[6  20], [7   8   9  10]
Germany - DE;DE-01;23;3;[4  12], [6  20], [7   8   9  10]
Germany - DE;DE-01;24;3;[4  12], [6  20], [7   8   9  10]
Germany - DE;DE-01;25;3;[4  12], [6  20], [7   8   9  10]
Germany - DE;DE-01;26;3;[4  12], [6  20], [7   8   9  10]
Germany - DE;DE-01;27;4;[1  2  3], [4  12], [6  20], [7   8   9  10]
Germany - DE;DE-01;28;4;[1  2  3], [4  12], [6  20], [7   8   9  10]
Germany - DE;DE-01;29;4;[1  2  3], [4  12], [6  20], [7   8   9  10]
Germany - DE;DE-01;30;4;[1  3], [4  12], [6  20], [7   8   9  10  19]
Germany - DE;DE-01;31;4;[1  3], [4  12], [6  20], [7   8   9  10  19]
Germany - DE;DE-01;32;4;[1  3], [4  12], [6  20], [7   8   9  10  19]
Germany - DE;DE-01;33;4;[1  3], [4  12], [6  20], [7   8   9  10  19]
Germany - DE;DE-01;34;4;[1  3], [6  20], [7   8   9  10  19], [11  12]
Germany - DE;DE-01;35;4;[1  3], [6  20], [7   8   9  10  19], [11  12]
Germany - DE;DE-01;36;4;[1  3], [6  20], [7   8   9  10  19], [11  12]
Germany - DE;DE-01;37;4;[1  3], [6  20], [7   8   9  10  19], [11  12]
Germany - DE;DE-01;38;4;[1  3], [6  20], [7   8   9  10  19], [11  12]
Germany - DE;DE-01;39;4;[1  3], [6  20], [7   8   9  10  19], [11  12]
Germany - DE;DE-01;40;4;[1  3], [6  20], [7   8   9  10  19], [11  12]
Germany - DE;DE-01;41;4;[1  3], [6  20], [7   8   9  10  19], [11  12]
Germany - DE;DE-01;42;4;[1  3], [6  20], [7   8   9  10  19], [11  12]
Germany - DE;DE-01;43;4;[1  3], [6  20], [7   8   9  10  19], [11  12]
Germany - DE;DE-01;44;4;[1  3], [6  20], [7   8   9  10  19], [11  12]
Germany - DE;DE-01;45;4;[1  3], [6  20], [7   8   9  10  19], [11  12]
Germany - DE;DE-01;46;4;[1  3], [6  20], [7   8   9  10  19], [11  12]
Germany - DE;DE-01;47;3;[6  20], [7   8   9  10  19], [11  12]
Germany - DE;DE-01;48;3;[6  20], [7   8   9  10  19], [11  12]
Germany - DE;DE-01;49;3;[6  20], [7   8   9  10  19], [11  12]
Germany - DE;DE-01;50;3;[6  20], [7   8   9  10  19], [11  12]
Germany - DE;DE-01;51;3;[6  20], [7   8   9  10  19], [11  12]
Germany - DE;DE-01;52;3;[6  20], [7   8   9  10  19], [11  12]
Germany - DE;DE-01;53;3;[6  20], [7   8   9  10  19], [11  12]
Germany - DE;DE-01;54;3;[6  20], [7   8   9  10  19], [11  12]
Germany - DE;DE-01;55;3;[6  20], [7   8   9  10  19], [11  12]
Germany - DE;DE-01;56;3;[6  20], [7   8   9  10  19], [11  12]
Germany - DE;DE-01;57;5;[1  2], [6  20], [7   8   9  10  19], [11  12], [25  26]
Germany - DE;DE-01;58;4;[6  20], [7   8   9  10  19], [11  12], [25  26]
Germany - DE;DE-01;59;5;[2  3], [6  20], [7   8   9  10  19], [11  12], [25  26]
Germany - DE;DE-01;60;5;[1  2  3], [6  20], [7   8   9  10  19], [11  12], [25  26]
Germany - DE;DE-01;61;5;[2  3], [6  20], [7   8   9  10  19], [11  12], [25  26]
Germany - DE;DE-01;62;5;[1  2  3], [6  20], [7   8   9  10  19], [11  12], [25  26]
Germany - DE;DE-01;63;5;[1  2], [6  20], [7   8   9  10  19], [11  12], [25  26]
Germany - DE;DE-01;64;5;[1  3], [6  20], [7   8   9  10  19], [11  12], [25  26]
Germany - DE;DE-01;65;5;[1  2  3], [6  20], [7   8   9  10  19], [11  12], [25  26]
Germany - DE;DE-01;66;5;[1  2  3], [6  20], [7   8   9  10  19], [11  12], [25  26]
Germany - DE;DE-01;67;5;[1  2  3], [6  20], [7   8   9  10  19], [11  12], [25  26]
Germany - DE;DE-01;68;5;[1  2  3], [6  20], [7   8   9  10  19], [11  12], [25  26]
Germany - DE;DE-01;69;5;[1  2  3], [6  20], [7   8   9  10  19], [11  12], [25  26]
Germany - DE;DE-01;70;5;[1  2  3], [6  20], [7   8   9  10  19], [11  12], [25  26]
Germany - DE;DE-01;71;5;[2  3], [6  20], [7   8   9  10  19], [11  12], [25  26]
Germany - DE;DE-01;72;4;[2  3], [6  20], [7   8   9  10  19], [11  12]
Germany - DE;DE-01;73;4;[2  3], [6  20], [7   8   9  10  19], [11  12]
Germany - DE;DE-01;74;3;[6  20], [7   8   9  10  19], [11  12]
Germany - DE;DE-01;75;4;[6  20], [7   8   9  10  19], [11  12], [25  26]
Germany - DE;DE-01;76;4;[6  20], [7   8   9  10  19], [11  12], [25  26]
Germany - DE;DE-01;77;4;[6  20], [7   8   9  10  19], [11  12], [25  26]
Germany - DE;DE-01;78;4;[6  20], [7   8   9  10  19], [11  12], [25  26]
Germany - DE;DE-01;79;5;[1  3], [6  20], [7   8   9  10  19], [11  12], [25  26]
Germany - DE;DE-01;80;5;[1  3], [6  20], [7   8   9  10  19], [11  12], [25  26]
Germany - DE;DE-01;81;5;[1  3], [6  20], [7   8   9  10  19], [11  12], [25  26]
Germany - DE;DE-01;82;5;[1  3], [6  20], [7   8   9  10  19], [11  12], [25  26]
Germany - DE;DE-01;83;5;[1  3], [6  20], [7   8   9  10  19], [11  12], [25  26]
Germany - DE;DE-01;84;5;[1  3], [6  20], [7   8   9  10  19], [11  12], [25  26]
Germany - DE;DE-01;85;5;[1  3], [6  20], [7   8   9  10  19], [11  12], [25  26]
Germany - DE;DE-01;86;4;[6  20], [7   8   9  10  19], [11  12], [25  26]
Germany - DE;DE-01;87;5;[1  3], [6  20], [7   8   9  10  19], [11  12], [25  26]
Germany - DE;DE-01;88;4;[1  3], [6  20], [7   8   9  10  19], [11  12]
Germany - DE;DE-01;89;4;[1  3], [6  20], [7   8   9  10  19], [11  12]
Germany - DE;DE-01;90;5;[1  3], [6  20], [7   8   9  10  19], [11  12], [15  16]
Germany - DE;DE-01;91;5;[1  3], [6  20], [7   8   9  10  19], [11  12], [15  16]
Germany - DE;DE-01;92;5;[1  3], [6  20], [7   8   9  10  19], [11  12], [15  16]
Germany - DE;DE-01;93;5;[1  3], [6  20], [7   8   9  10  19], [11  12], [15  16]
Germany - DE;DE-01;94;5;[1  3], [6  20], [7   8   9  10  19], [11  12], [15  16]
Germany - DE;DE-01;95;5;[1  3], [6  20], [7   8   9  10  19], [11  12], [15  16]
Germany - DE;DE-01;96;5;[1  3], [6  20], [7   8   9  10  19], [11  12], [15  16]
Germany - DE;DE-01;97;5;[1  3], [6  20], [7   8   9  10  19], [11  12], [15  16]
Germany - DE;DE-01;98;5;[1  2  3], [6  20], [7   8   9  10  19], [11  12], [15  16]
Germany - DE;DE-01;99;5;[1  3], [6  20], [7   8   9  10  19], [11  12], [15  16]
Germany - DE;DE-01;100;5;[1  2  3], [6  20], [7   8   9  10  19], [11  12], [15  16]
Germany - DE;DE-01;101;5;[1  3], [6  20], [7   8   9  10  19], [11  12], [15  16]
Germany - DE;DE-01;102;5;[1  2  3], [6  20], [7   8   9  10  19], [11  12], [15  16]
Germany - DE;DE-01;103;5;[1  2  3], [6  20], [7   8   9  10  19], [11  12], [15  16]
Germany - DE;DE-01;104;5;[2  3], [6  20], [7   8   9  10  19], [11  12], [15  16]
Germany - DE;DE-01;105;5;[2  3], [6  20], [7   8   9  10  19], [11  12], [15  16]
Germany - DE;DE-01;106;5;[2  3], [6  20], [7   8   9  10  19], [11  12], [15  16]
Germany - DE;DE-01;107;5;[2  3], [6  20], [7   8   9  10  19], [11  12], [15  16]
Germany - DE;DE-01;108;4;[6  20], [7   8   9  10  19], [11  12], [15  16]
Germany - DE;DE-01;109;5;[6  20], [7   8   9  10  19], [11  12], [15  16], [25  26]
Germany - DE;DE-01;110;5;[6  20], [7   8   9  10  19], [11  12], [15  16], [25  26]
Germany - DE;DE-01;111;5;[6  20], [7   8   9  10  19], [11  12], [15  16], [25  26]
Germany - DE;DE-01;112;5;[6  20], [7   8   9  10  19], [11  12], [15  16], [25  26]
Germany - DE;DE-01;113;5;[6  20], [7   8   9  10], [11  12], [15  16], [25  26]
Germany - DE;DE-01;114;5;[6  20], [7   8   9  10], [11  12], [15  16], [25  26]
Germany - DE;DE-01;115;6;[2  3], [6  20], [7   8   9  10], [11  12], [15  16], [25  26]
Germany - DE;DE-01;116;6;[2  3], [6  20], [7   8   9  10], [11  12], [15  16], [25  26]
Germany - DE;DE-01;117;5;[6  20], [7   8   9  10], [11  12], [15  16], [25  26]
Germany - DE;DE-01;118;5;[6  20], [7   8   9  10], [11  12], [15  16], [25  26]
Germany - DE;DE-01;119;5;[6  20], [7   8   9  10], [11  12], [15  16], [25  26]
Germany - DE;DE-01;120;5;[1  2], [6  20], [7   8   9  10], [11  12], [15  16]
Germany - DE;DE-01;121;5;[1  2], [6  20], [7   8   9  10], [11  12], [15  16]
Germany - DE;DE-01;122;6;[1  2], [6  20], [7   8   9  10], [11  12], [13  21], [15  16]
Germany - DE;DE-01;123;6;[1  2], [6  20], [7   8   9  10], [11  12], [13  21], [15  16]
Germany - DE;DE-01;124;6;[1  2], [6  20], [7   8   9  10], [11  12], [13  21], [15  16]
Germany - DE;DE-01;125;6;[1  2  3], [6  20], [7   8   9  10], [11  12], [13  21], [15  16]
Germany - DE;DE-01;126;6;[1  2  3], [6  20], [7   8   9  10], [11  12], [13  21], [15  16]
Germany - DE;DE-01;127;6;[1  2  3], [6  20], [7   8   9  10], [11  12], [13  21], [15  16]
Germany - DE;DE-01;128;6;[1  2  3], [6  20], [7   8   9  10], [11  12], [13  21], [15  16]
Germany - DE;DE-01;129;6;[1  2  3], [6  20], [7   8   9  10], [11  12], [13  21], [15  16]
Germany - DE;DE-01;130;6;[1  2  3], [6  20], [7   8   9  10], [11  12], [13  21], [15  16]
Germany - DE;DE-01;131;5;[1  2  3], [6  20], [7   8   9  10], [11  12], [15  16]
Germany - DE;DE-01;132;6;[1  2  3], [6  20], [7   8   9  10], [11  12], [15  16], [25  26]
Germany - DE;DE-01;133;6;[1  2  3], [6  20], [7   8   9  10], [11  12], [15  16], [25  26]
Germany - DE;DE-01;134;6;[1  2  3], [6  20], [7   8   9  10], [11  12], [15  16], [25  26]
Germany - DE;DE-01;135;6;[1  2  3], [6  20], [7   8   9  10], [11  12], [15  16], [25  26]
Germany - DE;DE-01;136;6;[1  2  3], [6  20], [7   8   9  10], [11  12], [15  16], [25  26]
Germany - DE;DE-01;137;6;[1  2  3], [6  20], [7   8   9  10], [11  12], [15  16], [25  26]
Germany - DE;DE-01;138;6;[1  2  3], [6  20], [7   8   9  10], [11  12], [15  16], [25  26]
Germany - DE;DE-01;139;6;[1  2  3], [6  20], [7   8   9  10], [11  12], [15  16], [25  26]
Germany - DE;DE-01;140;6;[1  2  3], [6  20], [7   8   9  10], [11  12], [15  16], [25  26]
Germany - DE;DE-01;141;6;[1  2  3], [6  20], [7   8   9  10], [11  12], [15  16], [25  26]
Germany - DE;DE-01;142;6;[1  2  3], [6  20], [7   8   9  10], [11  12], [15  16], [25  26]
Germany - DE;DE-01;143;6;[1  2  3], [6  20], [7   8   9  10], [11  12], [15  16], [25  26]
Germany - DE;DE-01;144;6;[1  2  3], [6  20], [7   8   9  10], [11  12], [15  16], [25  26]
Germany - DE;DE-01;145;6;[1  2  3], [6  20], [7   8   9  10], [11  12], [15  16], [25  26]
Germany - DE;DE-01;146;6;[1  2  3], [6  20], [7   8   9  10], [11  12], [15  16], [25  26]
Germany - DE;DE-01;147;6;[1  2  3], [6  20], [7   8   9  10], [11  12], [15  16], [25  26]
Germany - DE;DE-01;148;6;[1  2  3], [6  20], [7   8   9  10], [11  12], [15  16], [25  26]
Germany - DE;DE-01;149;6;[1  2  3], [6  20], [7   8   9  10], [11  12], [15  16], [25  26]
Germany - DE;DE-01;150;6;[1  2  3], [6  20], [7   8   9  10], [11  12], [15  16], [25  26]
Germany - DE;DE-01;151;6;[1  2  3], [6  20], [7   8   9  10], [11  12], [15  16], [25  26]
Germany - DE;DE-01;152;6;[1  2  3], [6  20], [7   8   9  10], [11  12], [15  16], [25  26]
Germany - DE;DE-01;153;6;[1  2  3], [6  20], [7   8   9  10], [11  12], [15  16], [25  26]
Germany - DE;DE-01;154;6;[1  2  3], [6  20], [7   8   9  10], [11  12], [15  16], [25  26]
Germany - DE;DE-01;155;6;[1  2  3], [6  20], [7   8   9  10], [11  12], [15  16], [25  26]
Germany - DE;DE-01;156;5;[1  2  3], [6  20], [7   8   9  10], [11  12], [15  16]
Germany - DE;DE-01;157;5;[1  2  3], [6  20], [7   8   9  10], [11  12], [15  16]
Germany - DE;DE-01;158;5;[1  2  3], [6  20], [7   8   9  10], [11  12], [15  16]
Germany - DE;DE-01;159;5;[1  2  3], [6  20], [7   8   9  10], [11  12], [15  16]
Germany - DE;DE-01;160;5;[1  2  3], [6  20], [7   8   9  10], [11  12], [15  16]
Germany - DE;DE-01;161;5;[1  2  3], [6  20], [7   8   9  10], [11  12], [15  16]
Germany - DE;DE-01;162;5;[1  2  3], [6  20], [7   8   9  10], [11  12], [15  16]
Germany - DE;DE-01;163;5;[1  2  3], [6  20], [7   8   9  10], [11  12], [15  16]
Germany - DE;DE-01;164;5;[1  2  3], [6  20], [7   8   9  10], [11  12], [15  16]
Germany - DE;DE-01;165;5;[1  2  3], [6  20], [7   8   9  10], [11  12], [15  16]
Germany - DE;DE-01;166;5;[1  2  3], [6  20], [7   8   9  10], [11  12], [15  16]
Germany - DE;DE-01;167;5;[1  2  3], [6  20], [7   8   9  10], [11  12], [15  16]
Germany - DE;DE-01;168;5;[1  2  3], [6  20], [7   8   9  10], [11  12], [15  16]
Germany - DE;DE-01;169;5;[1  2  3], [6  20], [7   8   9  10], [11  12], [15  16]
Germany - DE;DE-01;170;5;[1  2  3], [6  20], [7   8   9  10], [11  12], [15  16]
Germany - DE;DE-01;171;5;[1  2  3], [6  20], [7   8   9  10], [11  12], [15  16]
Germany - DE;DE-01;172;5;[1  2  3], [6  20], [7   8   9  10], [11  12], [15  16]
Germany - DE;DE-01;173;5;[1  2  3], [6  20], [7   8   9  10], [11  12], [15  16]
Germany - DE;DE-01;174;5;[1  2  3], [6  20], [7   8   9  10], [11  12], [15  16]
Germany - DE;DE-01;175;5;[1  2  3], [6  20], [7   8   9  10], [11  12], [15  16]
Germany - DE;DE-01;176;5;[1  2  3], [6  20], [7   8   9  10], [11  12], [15  16]
Germany - DE;DE-01;177;5;[1  2  3], [6  20], [7   8   9  10], [11  12], [15  16]
Germany - DE;DE-01;178;5;[1  2  3], [6  20], [7   8   9  10], [11  12], [15  16]
Germany - DE;DE-01;179;5;[1  2  3], [6  20], [7   8   9  10], [11  12], [15  16]
Germany - DE;DE-01;180;5;[1  2  3], [6  20], [7   8   9  10], [11  12], [15  16]
Germany - DE;DE-01;181;5;[1  2  3], [6  20], [7   8   9  10], [11  12], [15  16]
Germany - DE;DE-01;182;5;[1  2  3], [6  20], [7   8   9  10], [11  12], [15  16]
Germany - DE;DE-01;183;5;[1  2  3], [6  20], [7   8   9  10], [11  12], [15  16]
Germany - DE;DE-01;184;5;[1  2  3], [6  20], [7   8   9  10], [11  12], [15  16]
Germany - DE;DE-01;185;5;[1  2  3], [6  20], [7   8   9  10], [11  12], [15  16]
Germany - DE;DE-01;186;5;[1  2  3], [6  20], [7   8   9  10], [11  12], [15  16]
Germany - DE;DE-01;187;5;[1  2  3], [6  20], [7   8   9  10], [11  12], [15  16]
Germany - DE;DE-01;188;5;[1  2  3], [6  20], [7   8   9  10], [11  12], [15  16]
Germany - DE;DE-01;189;5;[1  2  3], [6  20], [7   8   9  10], [11  12], [15  16]
Germany - DE;DE-01;190;5;[1  2  3], [6  20], [7   8   9  10], [11  12], [15  16]
Germany - DE;DE-01;191;5;[1  2  3], [6  20], [7   8   9  10], [11  12], [15  16]
Germany - DE;DE-01;192;5;[1  2  3], [6  20], [7   8   9  10], [11  12], [15  16]
Germany - DE;DE-01;193;5;[1  2  3], [6  20], [7   8   9  10], [11  12], [15  16]
Germany - DE;DE-01;194;5;[1  2  3], [6  20], [7   8   9  10], [11  12], [15  16]
Germany - DE;DE-01;195;5;[1  2  3], [6  20], [7   8   9  10], [11  12], [15  16]
Germany - DE;DE-01;196;5;[1  2  3], [6  20], [7   8   9  10], [11  12], [15  16]
Germany - DE;DE-01;197;5;[1  2  3], [6  20], [7   8   9  10], [11  12], [15  16]
Germany - DE;DE-01;198;5;[1  2  3], [6  20], [7   8   9  10], [11  12], [15  16]
Germany - DE;DE-01;199;3;[1  2  3], [7   8   9  10], [11  12]