Country;Video;Frame;Num_Groups;Groups
Japan - JP;JP-02;1;9;[1  28], [2  3], [4  5  6  7], [7   8  12], [10  13  14  15], [14  15], [17  18  19], [24  25], [26  27]
Japan - JP;JP-02;2;6;[4  5  6], [8  12], [10  13  14  15], [14  15], [17  18  19], [24  25]
Japan - JP;JP-02;3;6;[4  5  6], [8  12], [10  13  14  15], [14  15], [17  18  19], [24  25]
Japan - JP;JP-02;4;5;[2  3], [4  5  6], [8  12], [13  14  15], [17  18  19]
Japan - JP;JP-02;5;5;[1  28], [4  5], [8  12], [17  18], [24  25]
Japan - JP;JP-02;6;2;[4  6], [24  25]
Japan - JP;JP-02;7;1;[24  25]
Japan - JP;JP-02;8;4;[1  28], [2  3], [17  18  19], [24  25]
Japan - JP;JP-02;9;3;[2  3], [7  8], [24  25]
Japan - JP;JP-02;10;2;[7  8], [24  25]
Japan - JP;JP-02;11;3;[1  28], [5  7  8], [18  19]
Japan - JP;JP-02;12;2;[5  7  8], [18  19]
Japan - JP;JP-02;13;2;[7  8], [17  18  19]
Japan - JP;JP-02;14;3;[4  5], [7  8], [18  19]
Japan - JP;JP-02;15;2;[4  5], [18  19]
Japan - JP;JP-02;16;4;[2  3], [4  5], [13  15], [18  19]
Japan - JP;JP-02;17;3;[2  3], [4  5], [13  15]
Japan - JP;JP-02;18;3;[1  28], [2  3], [13  15]
Japan - JP;JP-02;19;6;[1  28], [2  3], [7  8], [13  15], [24  25], [26  27]
Japan - JP;JP-02;20;6;[1  28], [2  3], [7  8], [13  15], [24  25], [26  27]
Japan - JP;JP-02;21;6;[1  28], [2  3], [7  8], [13  15], [24  25], [26  27]
Japan - JP;JP-02;22;6;[1  28], [2  3], [7  8], [13  15], [18  19], [26  27]
Japan - JP;JP-02;23;5;[1  28], [2  3], [7  8], [13  15], [26  27]
Japan - JP;JP-02;24;5;[1  28], [2  3], [7  8], [13  15], [26  27]
Japan - JP;JP-02;25;5;[1  28], [2  3], [7  8], [13  15], [26  27]
Japan - JP;JP-02;26;6;[1  28], [2  3], [4  6], [7  8], [13  15], [26  27]
Japan - JP;JP-02;27;4;[1  28], [2  3], [7  8], [26  27]
Japan - JP;JP-02;28;4;[1  28], [2  3], [7  8], [26  27]
Japan - JP;JP-02;29;4;[1  28], [2  3], [7  8], [26  27]
Japan - JP;JP-02;30;4;[1  28], [2  3], [7  8], [26  27]
Japan - JP;JP-02;31;5;[1  28], [2  3], [7  8], [24  25], [26  27]
Japan - JP;JP-02;32;5;[1  28], [2  3], [7  8], [24  25], [26  27]
Japan - JP;JP-02;33;5;[1  28], [2  3], [7  8], [24  25], [26  27]
Japan - JP;JP-02;34;5;[1  28], [2  3], [7  8], [24  25], [26  27]
Japan - JP;JP-02;35;5;[1  28], [2  3], [7  8], [24  25], [26  27]
Japan - JP;JP-02;36;5;[1  28], [2  3], [13  15], [16  26  27], [24  25]
Japan - JP;JP-02;37;4;[1  28], [2  3], [16  26  27], [24  25]
Japan - JP;JP-02;38;4;[1  28], [2  3], [16  26  27], [24  25]
Japan - JP;JP-02;39;4;[1  28], [2  3], [16  26  27], [24  25]
Japan - JP;JP-02;40;4;[1  28], [2  3], [16  26  27], [24  25]
Japan - JP;JP-02;41;4;[1  28], [2  3], [16  26  27], [24  25]
Japan - JP;JP-02;42;4;[1  28], [2  3], [16  26  27], [24  25]
Japan - JP;JP-02;43;5;[1  28], [2  3], [16  26  27], [22  23], [24  25]
Japan - JP;JP-02;44;4;[1  28], [2  3], [16  26  27], [24  25]
Japan - JP;JP-02;45;4;[1  28], [2  3], [16  26  27], [24  25]
Japan - JP;JP-02;46;6;[1  28], [2  3], [13  15], [16  26  27], [22  23], [24  25]
Japan - JP;JP-02;47;5;[1  28], [2  3], [13  15], [16  26  27], [24  25]
Japan - JP;JP-02;48;5;[1  28], [2  3], [13  15], [16  26  27], [24  25]
Japan - JP;JP-02;49;6;[1  28], [2  3], [13  15], [16  26  27], [22  23], [24  25]
Japan - JP;JP-02;50;6;[1  28], [2  3], [13  15], [16  26  27], [22  23], [24  25]
Japan - JP;JP-02;51;6;[1  28], [2  3], [13  15], [16  26  27], [22  23], [24  25]
Japan - JP;JP-02;52;7;[1  28], [2  3], [5  6], [13  15], [16  26  27], [22  23], [24  25]
Japan - JP;JP-02;53;7;[1  28], [2  3], [5  6], [13  15], [16  26  27], [22  23], [24  25]
Japan - JP;JP-02;54;6;[1  28], [2  3], [13  15], [16  26  27], [22  23], [24  25]
Japan - JP;JP-02;55;7;[1  28], [2  3], [13  15], [16  26  27], [18  19], [22  23], [24  25]
Japan - JP;JP-02;56;7;[1  28], [2  3], [13  15], [16  26  27], [18  19], [22  23], [24  25]
Japan - JP;JP-02;57;8;[1  28], [2  3], [5  6], [13  15], [16  26  27], [18  19], [22  23], [24  25]
Japan - JP;JP-02;58;7;[1  28], [2  3], [13  15], [16  26  27], [18  19], [22  23], [24  25]
Japan - JP;JP-02;59;7;[1  28], [2  3], [13  15], [16  26  27], [18  19], [22  23], [24  25]
Japan - JP;JP-02;60;6;[1  28], [2  3], [16  26  27], [17  18  19], [22  23], [24  25]
Japan - JP;JP-02;61;7;[1  28], [2  3], [5  6], [16  26  27], [17  18  19], [22  23], [24  25]
Japan - JP;JP-02;62;7;[1  28], [2  3], [5  6], [16  26  27], [17  18  19], [22  23], [24  25]
Japan - JP;JP-02;63;7;[1  28], [2  3], [5  6], [16  26  27], [17  18  19], [22  23], [24  25]
Japan - JP;JP-02;64;7;[1  28], [2  3], [5  6], [16  26  27], [17  18  19], [22  23], [24  25]
Japan - JP;JP-02;65;7;[1  28], [2  3], [5  6], [16  26  27], [17  18  19], [22  23], [24  25]
Japan - JP;JP-02;66;7;[1  28], [2  3], [4  5], [16  26  27], [17  18  19], [22  23], [24  25]
Japan - JP;JP-02;67;7;[1  28], [2  3], [4  5], [16  26  27], [17  18  19], [22  23], [24  25]
Japan - JP;JP-02;68;7;[1  28], [2  3], [4  5], [16  26  27], [17  18  19], [22  23], [24  25]
Japan - JP;JP-02;69;7;[1  28], [2  3], [4  5], [16  26  27], [17  18  19], [22  23], [24  25]
Japan - JP;JP-02;70;7;[1  28], [2  3], [4  5], [16  26  27], [17  18  19], [22  23], [24  25]
Japan - JP;JP-02;71;7;[1  28], [2  3], [4  5], [16  26  27], [17  18  19], [22  23], [24  25]
Japan - JP;JP-02;72;7;[1  28], [2  3], [4  5], [16  26  27], [17  18  19], [22  23], [24  25]
Japan - JP;JP-02;73;7;[1  28], [2  3], [4  5], [16  26  27], [17  18  19], [22  23], [24  25]
Japan - JP;JP-02;74;7;[1  28], [2  3], [4  5], [16  26  27], [17  18], [22  23], [24  25]
Japan - JP;JP-02;75;7;[1  28], [2  3], [4  5], [16  26  27], [17  18], [22  23], [24  25]
Japan - JP;JP-02;76;7;[1  28], [2  3], [4  5], [16  26  27], [17  18], [22  23], [24  25]
Japan - JP;JP-02;77;7;[1  28], [2  3], [4  5  7], [16  26  27], [17  18], [22  23], [24  25]
Japan - JP;JP-02;78;7;[1  28], [2  3], [4  5  7], [16  26  27], [17  18], [22  23], [24  25]
Japan - JP;JP-02;79;7;[1  28], [2  3], [4  5  7], [16  26  27], [17  18], [22  23], [24  25]
Japan - JP;JP-02;80;7;[1  28], [2  3], [4  5  7], [16  26  27], [17  18], [22  23], [24  25]
Japan - JP;JP-02;81;7;[1  28], [2  3], [4  5], [16  26  27], [17  18], [22  23], [24  25]
Japan - JP;JP-02;82;6;[1  28], [2  3], [4  5], [16  26  27], [22  23], [24  25]
Japan - JP;JP-02;83;6;[1  28], [2  3], [4  5], [16  26  27], [22  23], [24  25]
Japan - JP;JP-02;84;6;[1  28], [2  3], [4  5], [16  26  27], [22  23], [24  25]
Japan - JP;JP-02;85;6;[1  28], [2  3], [4  5  6], [16  26  27], [22  23], [24  25]
Japan - JP;JP-02;86;6;[1  28], [2  3], [5  6], [16  26  27], [22  23], [24  25]
Japan - JP;JP-02;87;6;[1  28], [2  3], [5  6], [16  19  26  27], [22  23], [24  25]
Japan - JP;JP-02;88;7;[1  28], [2  3], [5  6], [13  14], [16  26  27], [22  23], [24  25]
Japan - JP;JP-02;89;6;[2  3], [5  6], [13  14], [16  26  27], [22  23], [24  25]
Japan - JP;JP-02;90;6;[2  3], [5  6], [13  14], [16  26  27], [22  23], [24  25]
Japan - JP;JP-02;91;6;[2  3], [5  6], [13  14], [16  26  27], [22  23], [24  25]
Japan - JP;JP-02;92;6;[2  3], [5  6], [13  14], [16  26  27], [22  23], [24  25]
Japan - JP;JP-02;93;6;[2  3], [5  6], [13  14], [16  26  27], [22  23], [24  25]
Japan - JP;JP-02;94;6;[2  3], [5  6], [13  14], [16  26  27], [22  23], [24  25]
Japan - JP;JP-02;95;6;[2  3], [5  6], [14  15], [16  26  27], [22  23], [24  25]
Japan - JP;JP-02;96;6;[2  3], [5  6], [16  19], [22  23], [24  25], [26  27]
Japan - JP;JP-02;97;7;[2  3], [5  6], [13  14], [16  19], [22  23], [24  25], [26  27]
Japan - JP;JP-02;98;6;[2  3], [4  5  6], [16  19], [22  23], [24  25], [26  27]
Japan - JP;JP-02;99;2;[24  25], [26  27]